# [ph/s/.1%bw/mm^2] (C-aligned, inner loop is vs Photon Energy, outer loop vs Vertical Position)
#8000.0 #Initial Photon Energy [eV]
#8000.0 #Final Photon Energy [eV]
#1 #Number of points vs Photon Energy
#-0.0005 #Initial Horizontal Position [m]
#0.0005 #Final Horizontal Position [m]
#50 #Number of points vs Horizontal Position
#-0.00065 #Initial Vertical Position [m]
#0.00065 #Final Vertical Position [m]
#84 #Number of points vs Vertical Position
 1054197743616.0
 1099584503808.0
 7831877582848.0
 13984213237760.0
 12807368081408.0
 5761236729856.0
 376998494208.0
 2509548290048.0
 11498655055872.0
 21626844348416.0
 26975506792448.0
 25171968655360.0
 17925159256064.0
 9137980178432.0
 2529922121728.0
 171420270592.0
 2251476434944.0
 7660477349888.0
 14796986515456.0
 22194428051456.0
 28831121408000.0
 34171281997824.0
 38052693016576.0
 40525965033472.0
 41710805581824.0
 41696289095680.0
 40491588517888.0
 38024712814592.0
 34189097304064.0
 28938273292288.0
 22422883401728.0
 15144137523200.0
 8063070240768.0
 2568169193472.0
 192996032512.0
 2037138325504.0
 8011150000128.0
 16271571681280.0
 23388468805632.0
 25643515379712.0
 21202634539008.0
 11931838578688.0
 3103044141056.0
 176571006976.0
 4363329470464.0
 10902552182784.0
 12869240356864.0
 8048188325888.0
 1644320129024.0
 467207847936.0
 1062973669376.0
 7844679647232.0
 13615352512512.0
 11461867864064.0
 4050084429824.0
 114291138560.0
 4898371928064.0
 15491648192512.0
 24285869506560.0
 25551423143936.0
 19127150313472.0
 9442206679040.0
 2012732325888.0
 390728941568.0
 5090496217088.0
 14282786865152.0
 25221465636864.0
 35476446642176.0
 43560791441408.0
 48989198090240.0
 52009751281664.0
 53250090860544.0
 53424234168320.0
 53149171712000.0
 52857948602368.0
 52771952787456.0
 52897979039744.0
 53029944426496.0
 52754642894848.0
 51479805165568.0
 48516831379456.0
 43253919383552.0
 35432179957760.0
 25480719761408.0
 14775525310464.0
 5598493540352.0
 570314981376.0
 1514150821888.0
 8115910606848.0
 17220120870912.0
 23719453917184.0
 23281188995072.0
 15607741284352.0
 5577287663616.0
 221252239360.0
 2855503134720.0
 9511093927936.0
 12355783098368.0
 8010620993536.0
 1616794746880.0
 7328081379328.0
 13067036393472.0
 10562893250560.0
 3085273399296.0
 301243203584.0
 6914684485632.0
 18064546463744.0
 24796572155904.0
 22242731753472.0
 12847735111680.0
 3466661199872.0
 224975224832.0
 5227058036736.0
 16467764445184.0
 29840954621952.0
 41425198645248.0
 48863100534784.0
 51612684910592.0
 50457892356096.0
 46793471557632.0
 42038997286912.0
 37314122219520.0
 33349013864448.0
 30540495323136.0
 29063236288512.0
 28972408635392.0
 30263260217344.0
 32873534980096.0
 36629230125056.0
 41147527331840.0
 45730169356288.0
 49307881308160.0
 50520815304704.0
 48020401946624.0
 41018116276224.0
 29960951562240.0
 17007532572672.0
 5826838790144.0
 352144457728.0
 2670448345088.0
 11104206979072.0
 20145367941120.0
 23311933243392.0
 17832859402240.0
 7575300997120.0
 604735340544.0
 2031075852288.0
 8591343878144.0
 11763201343488.0
 7520858931200.0
 12397671612416.0
 10145234944000.0
 2700205883392.0
 511899926528.0
 8159724306432.0
 19317481537536.0
 24044405522432.0
 18564044029952.0
 7863442341888.0
 649525723136.0
 2661342773248.0
 13608049180672.0
 28600707317760.0
 41703218085888.0
 48881484169216.0
 49076884209664.0
 43642597146624.0
 35063773265920.0
 25784148295680.0
 17532158214144.0
 11155066060800.0
 6780427436032.0
 4103845183488.0
 2665634070528.0
 2055257194496.0
 2034473893888.0
 2592538886144.0
 3946192830464.0
 6485475065856.0
 10654491607040.0
 16755209535488.0
 24682558390272.0
 33648462004224.0
 42022987628544.0
 47481391939584.0
 47627810897920.0
 41092347068416.0
 28744410464256.0
 14265454952448.0
 3222682992640.0
 390146392064.0
 6429729619968.0
 16385288699904.0
 22217414934528.0
 18792199487488.0
 8770714337280.0
 918266249216.0
 1695405703168.0
 8152930058240.0
 11150000390144.0
 10144182173696.0
 2786815115264.0
 538274627584.0
 8522657955840.0
 19560048623616.0
 22831035318272.0
 15441947787264.0
 4571782447104.0
 239860547584.0
 7132135555072.0
 22128080453632.0
 37655362404352.0
 46858722344960.0
 46869606563840.0
 39042712338432.0
 27172431462400.0
 15318316482560.0
 6341378703360.0
 1436296806400.0
 394806886400.0
 2176762118144.0
 5461221310464.0
 9022745870336.0
 11916988645376.0
 13530822606848.0
 13567787008000.0
 12024790646784.0
 9189269176320.0
 5657468076032.0
 2346095476736.0
 443938701312.0
 1235840139264.0
 5746065932288.0
 14215013203968.0
 25553318969344.0
 37079534796800.0
 44938549002240.0
 45454372896768.0
 37166902149120.0
 22547781386240.0
 7892168605696.0
 410284654592.0
 3467114971136.0
 13280373374976.0
 20786310021120.0
 18841029574656.0
 9105262510080.0
 969634480128.0
 1729139834880.0
 8131845816320.0
 3317157068800.0
 370052890624.0
 8041482682368.0
 19070791450624.0
 21677842890752.0
 13267615350784.0
 2713886916608.0
 1049395593216.0
 11710233575424.0
 28774856916992.0
 42490853851136.0
 46062299512832.0
 38861900087296.0
 25315279634432.0
 11589373657088.0
 2579607060480.0
 489631776768.0
 4970232938496.0
 14101470248960.0
 25481348907008.0
 36992595263488.0
 47145465937920.0
 55090668896256.0
 60456844656640.0
 63143506083840.0
 63151714336768.0
 60491321835520.0
 55178535370752.0
 47322683670528.0
 37288683765760.0
 25896467562496.0
 14579037896704.0
 5374257659904.0
 604396584960.0
 2152805695488.0
 10431665012736.0
 23439016460288.0
 36593033281536.0
 44018192875520.0
 41337290227712.0
 28803573219328.0
 12487964491776.0
 1511762296832.0
 1875075006464.0
 11143239172096.0
 19511193370624.0
 18278695043072.0
 8643074326528.0
 749380501504.0
 2105197461504.0
 158803345408.0
 6827048697856.0
 17992958083072.0
 20814397177856.0
 12110465597440.0
 1842358517760.0
 2058438574080.0
 15224335761408.0
 32954745094144.0
 43815557660672.0
 41772667371520.0
 29063557152768.0
 13301834579968.0
 2429223960576.0
 1043028639744.0
 9456886743040.0
 24880640688128.0
 43355790639104.0
 61354765451264.0
 76594131501056.0
 88130631761920.0
 96035166748672.0
 100936202584064.0
 103616018907136.0
 104730177044480.0
 104647264043008.0
 103380919779328.0
 100590457716736.0
 95649131397120.0
 87800397430784.0
 76429563789312.0
 61452232687616.0
 43753796534272.0
 25505873002496.0
 10084718477312.0
 1310816206848.0
 1941812019200.0
 11832936890368.0
 26779783790592.0
 39319825809408.0
 42094584397824.0
 32573382197248.0
 15929078448128.0
 2693547425792.0
 1164329484288.0
 9989182717952.0
 18601207660544.0
 17257873801216.0
 7493000364032.0
 391473954816.0
 5059375529984.0
 16327977730048.0
 20226976514048.0
 11902794072064.0
 1608185937920.0
 2635297193984.0
 17184464044032.0
 34925837287424.0
 43018816061440.0
 36424208351232.0
 20378126647296.0
 5418501799936.0
 442442219520.0
 8588042436608.0
 27239374651392.0
 50657608335360.0
 73009704468480.0
 90331727003648.0
 101086954258432.0
 105719361699840.0
 105805269434368.0
 103261977706496.0
 99823185297408.0
 96796105768960.0
 95012779982848.0
 94869443837952.0
 96369486331904.0
 99127174103040.0
 102331026767872.0
 104708618321920.0
 104574048272384.0
 100060775841792.0
 89622663135232.0
 72791239950336.0
 50990074036224.0
 27973493194752.0
 9318899384320.0
 590796488704.0
 4481900085248.0
 18283845648384.0
 33763459334144.0
 40876181028864.0
 34207095062528.0
 17808928800768.0
 3356157280256.0
 967231733760.0
 9724917448704.0
 18043826601984.0
 15783202652160.0
 5802480369664.0
 13996758401024.0
 19703011475456.0
 12525574815744.0
 1873324539904.0
 2535314685952.0
 17513659236352.0
 35216483680256.0
 41376955760640.0
 31658319282176.0
 14027129356288.0
 1565186457600.0
 3440525967360.0
 20475715518464.0
 46509361987584.0
 72844130123776.0
 92429029998592.0
 101930596564992.0
 101637607653376.0
 94132479459328.0
 82752695173120.0
 70471622066176.0
 59376891068416.0
 50633319120896.0
 44715428806656.0
 41716295925760.0
 41605662769152.0
 44372494123008.0
 50028131385344.0
 58470489391104.0
 69234780536832.0
 81193596878848.0
 92329943760896.0
 99768600625152.0
 100270969192448.0
 91301710135296.0
 72500163641344.0
 46961856086016.0
 21364901675008.0
 4056684691456.0
 1131016355840.0
 12191643205632.0
 28911624781824.0
 38953163948032.0
 34283890671616.0
 18108079144960.0
 3275457298432.0
 1135684485120.0
 10235394654208.0
 17652294615040.0
 13765778079744.0
 18867646627840.0
 13794189246464.0
 2704370565120.0
 1835269750784.0
 16320426934272.0
 34257321852928.0
 39722881646592.0
 28287543803904.0
 10066605375488.0
 409021808640.0
 8473671630848.0
 32399092088832.0
 62308193665024.0
 86908604514304.0
 98871984259072.0
 96712899166208.0
 83600372400128.0
 64809844342784.0
 45384969748480.0
 28787796344832.0
 16577813544960.0
 8770907799552.0
 4470791471104.0
 2483185516544.0
 1776307798016.0
 1762588622848.0
 2426323861504.0
 4323153281024.0
 8452858445824.0
 15982721499136.0
 27798699769856.0
 43909325520896.0
 62833425383424.0
 81249053966336.0
 94292441825280.0
 96839902691328.0
 85737076686848.0
 62241705558016.0
 33204115341312.0
 9369413484544.0
 365407993856.0
 8453726142464.0
 25496077205504.0
 37135797190656.0
 33260100911104.0
 16961340702720.0
 2523587674112.0
 1730330755072.0
 11373440401408.0
 17095371784192.0
 15376572219392.0
 4282859388928.0
 878823014400.0
 13798698123264.0
 32232444002304.0
 38403047424000.0
 26560188907520.0
 8072559853568.0
 464620421120.0
 13146506919936.0
 41738307633152.0
 72789981659136.0
 92870035898368.0
 95264857653248.0
 81409704198144.0
 58167807442944.0
 33742341013504.0
 14494720851968.0
 3565099679744.0
 1050236223488.0
 5008839933952.0
 12610131984384.0
 21026358427648.0
 27954941788160.0
 31835622998016.0
 31892711669760.0
 28120910397440.0
 21281061732352.0
 12906978607104.0
 5259327438848.0
 1112384339968.0
 3247182970880.0
 13588709244928.0
 32096733102080.0
 55792665362432.0
 78575428435968.0
 92523125014528.0
 90915364405248.0
 72138488807424.0
 42336377634816.0
 14181433606144.0
 675009331200.0
 6579038978048.0
 23707577745408.0
 35757691502592.0
 31334124748800.0
 14555242561536.0
 1411200581632.0
 2939957805056.0
 12883057442816.0
 6739498893312.0
 229618925568.0
 10255809380352.0
 29089836564480.0
 37337010536448.0
 26417288970240.0
 7632212983808.0
 674233384960.0
 16017629642752.0
 47459195682816.0
 78274495512576.0
 93143647125504.0
 86492504391680.0
 63370304684032.0
 34792963833856.0
 11780332978176.0
 1307905490944.0
 5165207781376.0
 21015136567296.0
 44355763044352.0
 70326822109184.0
 94849680277504.0
 115058793250816.0
 129234777407488.0
 136506274480128.0
 136538243465216.0
 129343091113984.0
 115275915591680.0
 95213301268480.0
 70854411026432.0
 45010695225344.0
 21671631126528.0
 5589186904064.0
 1178432569344.0
 10776062459904.0
 32746669867008.0
 60447088705536.0
 83285799600128.0
 90553823789056.0
 77101726171136.0
 47845000347648.0
 17118204526592.0
 1003104043008.0
 6117306400768.0
 23463353909248.0
 34749934469120.0
 28459443159040.0
 11150643167232.0
 449148583936.0
 4937924214784.0
 572324052992.0
 6222350123008.0
 24670220845056.0
 36087091167232.0
 27608817336320.0
 8565240627200.0
 594403655680.0
 16490870865920.0
 49477972918272.0
 79957585821696.0
 90569233661952.0
 76810297540608.0
 47546361708544.0
 18093979992064.0
 1982556667904.0
 5944797298688.0
 29280375406592.0
 66222653702144.0
 109203536478208.0
 151458599141376.0
 188359431421952.0
 217592539119616.0
 238630782107648.0
 251951203745792.0
 258310506807296.0
 258229103755264.0
 251730600132608.0
 238340217503744.0
 217340595666944.0
 188277625716736.0
 151670075949056.0
 109772216991744.0
 67089767333888.0
 30209996750848.0
 6518784655360.0
 1690927890432.0
 16543170691072.0
 44736836534272.0
 73333857058816.0
 87515411251200.0
 78403881402368.0
 49734345555968.0
 17635095871488.0
 905253683200.0
 6870892806144.0
 24529420156928.0
 33713203183616.0
 24461420003328.0
 7187205718016.0
 275732955136.0
 2554981253120.0
 18940950478848.0
 33945789923328.0
 29659861352448.0
 10914082324480.0
 379081588736.0
 14588966862848.0
 48065696235520.0
 78971471396864.0
 87323513454592.0
 68904588148736.0
 36071723237376.0
 8427419467776.0
 1785210339328.0
 21917616570368.0
 64598753411072.0
 119715074670592.0
 176215679827968.0
 225653320318976.0
 263597745766400.0
 289327217115136.0
 304622400962560.0
 312397063520256.0
 315596411502592.0
 316485704613888.0
 316278908649472.0
 314995116081152.0
 311461633064960.0
 303463430881280.0
 288112244686848.0
 262545596219392.0
 225005250019328.0
 176169475375104.0
 120326008602624.0
 65675288641536.0
 22970231685120.0
 2109632413696.0
 7371974246400.0
 33436960030720.0
 65265064738816.0
 83959052500992.0
 77218109718528.0
 48328335163392.0
 15771555069952.0
 517023432704.0
 8885942353920.0
 26492427829248.0
 31992097800192.0
 19245687635968.0
 3392951287808.0
 12302587789312.0
 30118095355904.0
 31755593580544.0
 14751571640320.0
 669606346752.0
 10818510913536.0
 43528528855040.0
 75922984140800.0
 84580807737344.0
 64025798901760.0
 29193677045760.0
 3911955513344.0
 6425645940736.0
 41295946973184.0
 100077989265408.0
 167588852137984.0
 229003629690880.0
 274519361060864.0
 300709316657152.0
 309392666787840.0
 305418983178240.0
 294526543462400.0
 281872194076672.0
 271329458651136.0
 265350176309248.0
 265092226613248.0
 270556297428992.0
 280592998465536.0
 292777954902016.0
 303293611900928.0
 307068519055360.0
 298465196244992.0
 272713243426816.0
 227994027163648.0
 167591586824192.0
 100992985071616.0
 42590841864192.0
 7201642512384.0
 3243381620736.0
 26678491348992.0
 60248219975680.0
 81039531704320.0
 74177365147648.0
 43950387757056.0
 12005667766272.0
 444731162624.0
 12275101466624.0
 28645462638592.0
 28823143841792.0
 13076283785216.0
 24083773259776.0
 32682662690816.0
 19850757931008.0
 2389280555008.0
 6159776350208.0
 36194905751552.0
 70800791044096.0
 82544087269376.0
 62464284688384.0
 26416729030656.0
 2295948640256.0
 11479548952576.0
 57814877732864.0
 128486614237184.0
 202758745489408.0
 261808690561024.0
 294866986729472.0
 300431787950080.0
 283927570808832.0
 254024129445888.0
 219395301310464.0
 186775762894848.0
 160370220072960.0
 142219050745856.0
 132997932122112.0
 132801001160704.0
 141608209088512.0
 159290824327168.0
 185157969510400.0
 217188006887424.0
 251244346081280.0
 280717334413312.0
 297101007257600.0
 291889097998336.0
 259728936534016.0
 201996573343744.0
 129073506418688.0
 59191976787968.0
 12546185625600.0
 1848348246016.0
 23887026847744.0
 58525250224128.0
 78965037334528.0
 69293077168128.0
 36904137392128.0
 7240919023616.0
 1580963069952.0
 16912753885184.0
 29910712188928.0
 23640242388992.0
 31021210796032.0
 25316279975936.0
 6371069657088.0
 2080895533056.0
 26651343716352.0
 63144684683264.0
 80569014681600.0
 63900800253952.0
 27274933960704.0
 2082391457792.0
 14052457709568.0
 67765796864000.0
 146608909975552.0
 224035493380096.0
 276881693736960.0
 293639129399296.0
 275660027199488.0
 233244071034880.0
 179941094195200.0
 127753089187840.0
 84488348499968.0
 53276691136512.0
 33578928832512.0
 22875840970752.0
 18375392624640.0
 18319398666240.0
 22677039349760.0
 33146171031552.0
 52464921346048.0
 83117985497088.0
 125651491225600.0
 177011490291712.0
 229556002750464.0
 271532513296384.0
 289662224564224.0
 273813241593856.0
 222534133874688.0
 146857531539456.0
 69167520677888.0
 15277612859392.0
 1657381847040.0
 24553134751744.0
 59776448856064.0
 77133485441024.0
 62117080203264.0
 27694142062592.0
 2832177561600.0
 4776425684992.0
 22084438720512.0
 28973453017088.0
 29403740372992.0
 12780316917760.0
 380318875648.0
 16104108851200.0
 52446839701504.0
 77312951320576.0
 67467716067328.0
 31579013382144.0
 2952517386240.0
 13043379470336.0
 69638306136064.0
 153855929090048.0
 233364061683712.0
 279971167731712.0
 281125121425408.0
 241643886215168.0
 178032585211904.0
 110161054138368.0
 54307151937536.0
 19463231504384.0
 6889581051904.0
 11869600350208.0
 26422913531904.0
 42020869505024.0
 51767857381376.0
 51851458248704.0
 42248251113472.0
 26718481940480.0
 12092949135360.0
 6825072656384.0
 18827549081600.0
 52793075302400.0
 107530202120192.0
 174251604705280.0
 237023256379392.0
 276378830241792.0
 276096218038272.0
 231280834772992.0
 153885071114240.0
 71090139299840.0
 14308643700736.0
 2321791844352.0
 28480534216704.0
 63192998871040.0
 74275427975168.0
 52113761632256.0
 17373337747456.0
 469295661056.0
 10322171658240.0
 26283868160000.0
 20479507169280.0
 2641433460736.0
 6634973167616.0
 38776185290752.0
 71022065745920.0
 71590360383488.0
 39181040484352.0
 5688015716352.0
 9019572879360.0
 63490828009472.0
 150753201094656.0
 233275175993344.0
 276728635195392.0
 266286646951936.0
 210058596057088.0
 131808284901376.0
 59404653166592.0
 14919487455232.0
 9353532801024.0
 42084853612544.0
 103502965637120.0
 178956506497024.0
 252595096518656.0
 310367859245056.0
 342007440474112.0
 342143537250304.0
 310777122652160.0
 253269960032256.0
 179850463674368.0
 104488677408768.0
 42916315660288.0
 9656086822912.0
 14236957802496.0
 57325809303552.0
 128167310262272.0
 205148995452928.0
 260966474317824.0
 272265677635584.0
 230852831215616.0
 150768837459968.0
 65054061887488.0
 10179650256896.0
 4590796275712.0
 35565399441408.0
 67322815447040.0
 68708407967744.0
 39238351454208.0
 7809444872192.0
 1714429755392.0
 17355069456384.0
 9246778327040.0
 989600874496.0
 23491548020736.0
 60150446555136.0
 73854856724480.0
 49382191792128.0
 11698651004928.0
 3991445962752.0
 50602474209280.0
 138049535082496.0
 225353092038656.0
 270792638070784.0
 254863761997824.0
 187486110220288.0
 99984590503936.0
 29889023442944.0
 7077252562944.0
 46068653883392.0
 145023748276224.0
 289379595583488.0
 457378583543808.0
 625350593740800.0
 771644830253056.0
 878996195639296.0
 935642452197376.0
 935692918063104.0
 879182087192576.0
 772056677351424.0
 626095300804608.0
 458519031578624.0
 290856728788992.0
 146586881490944.0
 47246515109888.0
 7233987411968.0
 28401314299904.0
 96530371444736.0
 182354278612992.0
 249101073514496.0
 265974339076096.0
 222894927904768.0
 138297670107136.0
 52308335394816.0
 4826620493824.0
 9859614375936.0
 45230657110016.0
 69923493642240.0
 58890737680384.0
 24611173433344.0
 1544195801088.0
 7124526039040.0
 1553727881216.0
 9635105865728.0
 44394551967744.0
 71287682629632.0
 60229941198848.0
 22155452481536.0
 1051570929664.0
 33513629810688.0
 116637252452352.0
 209759626067968.0
 263174641156096.0
 249259702091776.0
 176490457071616.0
 82698915807232.0
 16332670107648.0
 17492105756672.0
 106470175670272.0
 281544669265920.0
 523566479048704.0
 803488455983104.0
 1089630854184960.0
 1352945836752896.0
 1569897385558016.0
 1723406227603456.0
 1802652534964224.0
 1802480467836928.0
 1722955256037376.0
 1569353803759616.0
 1352580361879552.0
 1089735141359616.0
 804282890715136.0
 525085454630912.0
 283529481027584.0
 108320727760896.0
 18343367016448.0
 15307082039296.0
 79314968117248.0
 171083462344704.0
 243143718993920.0
 258266013630464.0
 207615917293568.0
 117344714096640.0
 35284494319616.0
 1239385899008.0
 19351103078400.0
 55743554256896.0
 68181477556224.0
 44365296697344.0
 10929966153728.0
 919406641152.0
 1344282820608.0
 25834440097792.0
 61412487462912.0
 68169968386048.0
 36792451465216.0
 3613118693376.0
 16200704720896.0
 88170720919552.0
 185639794376704.0
 252384760561664.0
 248979707133952.0
 177233050206208.0
 78338005663744.0
 11877270683648.0
 30782152245248.0
 164269798719488.0
 412992881557504.0
 754098211127296.0
 1151083044929536.0
 1563752495316992.0
 1955502502182912.0
 2297162989830144.0
 2567916654428160.0
 2754398765711360.0
 2849042128175104.0
 2848556796870656.0
 2753027328966656.0
 2565909562523648.0
 2294911890096128.0
 1953498094632960.0
 1562500378132480.0
 1150977281359872.0
 755260872196096.0
 415123990642688.0
 166581229322240.0
 32115638927360.0
 11070145036288.0
 74788080975872.0
 171430247399424.0
 242617434505216.0
 247719754989568.0
 184183297146880.0
 89459278217216.0
 17775080767488.0
 2757780307968.0
 32981703983104.0
 63844013572096.0
 59647373344768.0
 26838256582656.0
 2021675499520.0
 9294484340736.0
 44064003063808.0
 68710140215296.0
 52768517652480.0
 13993197436928.0
 3857589207040.0
 56034462793728.0
 152280313626624.0
 235063073570816.0
 250942876286976.0
 188331648352256.0
 85846732570624.0
 12378797244416.0
 35912272576512.0
 198679650631680.0
 507328885424128.0
 937175352868864.0
 1444351062310912.0
 1979191662739456.0
 2496490006118400.0
 2961051922464768.0
 3349032156004352.0
 3646461862477824.0
 3846470704824320.0
 3946406809174016.0
 3945587812597760.0
 3844100956618752.0
 3642803892518912.0
 3344527272181760.0
 2956300883329024.0
 2492210071207936.0
 1976108681527296.0
 1443027272859648.0
 937791613566976.0
 509479489634304.0
 201302986457088.0
 37488236167168.0
 11462487572480.0
 81823589728256.0
 182023096369152.0
 244539482701824.0
 231069408296960.0
 151838888296448.0
 57808133292032.0
 4759024566272.0
 11754563174400.0
 48260953669632.0
 65292453543936.0
 43897619218432.0
 10605469630464.0
 23074212675584.0
 58556325822464.0
 64473964478464.0
 31489326579712.0
 1664055640064.0
 26011095793664.0
 110833073913856.0
 207260877848576.0
 249708157075456.0
 206612052574208.0
 105088915865600.0
 18160189177856.0
 29497174786048.0
 198975869157376.0
 544595746226176.0
 1043443111428096.0
 1645307481817088.0
 2290040055005184.0
 2921907858964480.0
 3497962026041344.0
 3990524176367616.0
 4385487758295040.0
 4678522371047424.0
 4870798930083840.0
 4965292505563136.0
 4964189235838976.0
 4867555156033536.0
 4673369484034048.0
 4378826264018944.0
 3982955370250240.0
 3490290677579776.0
 2915077787222016.0
 2285000179318784.0
 1642770364104704.0
 1043588536336384.0
 546813257973760.0
 201821083664384.0
 31034802438144.0
 16733893033984.0
 100277201928192.0
 199801006194688.0
 243643646476288.0
 204433229086720.0
 111556549410816.0
 27848895102976.0
 1282309357568.0
 27822261272576.0
 60032959905792.0
 56785012523008.0
 24155980300288.0
 38689560330240.0
 65368571772928.0
 50912798179328.0
 12278645653504.0
 5695707021312.0
 66040822235136.0
 166600925773824.0
 238238715346944.0
 226222168604672.0
 135383098589184.0
 33221244878848.0
 16234207772672.0
 165852963930112.0
 518427450015744.0
 1058899021004800.0
 1733679789375488.0
 2471870179835904.0
 3204884732051456.0
 3879084538986496.0
 4460544190840832.0
 4933753486966784.0
 5296987461124096.0
 5556648298938368.0
 5722114061500416.0
 5801781946744832.0
 5800489161588736.0
 5718276508221440.0
 5550414153908224.0
 5288655224569856.0
 4923819227611136.0
 4449754427686912.0
 3868448857784320.0
 3195594717790208.0
 2465099969200128.0
 1730250526425088.0
 1058888954675200.0
 520879641460736.0
 168819779698688.0
 17363738034176.0
 30830376255488.0
 129558334406656.0
 219145404678144.0
 233097102622720.0
 165372883894272.0
 67716425711616.0
 6837210447872.0
 10127050539008.0
 46335071879168.0
 62074218610688.0
 38805843214336.0
 52090005094400.0
 63326386126848.0
 32850850086912.0
 1825277739008.0
 26770168348672.0
 115054674444288.0
 210001134092288.0
 238223699738624.0
 172998715768832.0
 62303395381248.0
 6895722561536.0
 110571231903744.0
 435570517999616.0
 983604351991808.0
 1703771516174336.0
 2516119885709312.0
 3337324880461824.0
 4099369116631040.0
 4758242869641216.0
 5294092116295680.0
 5706156110512128.0
 6005738669342720.0
 6209470979899392.0
 6333947722072064.0
 6392033933524992.0
 6390670818279424.0
 6329864281915392.0
 6202717680697344.0
 5996455634403328.0
 5694652040609792.0
 5280946832015360.0
 4744371199016960.0
 4086021968887808.0
 3325973281898496.0
 2508150305456128.0
 1700032210272256.0
 983910838173696.0
 438431268208640.0
 113439959678976.0
 7117454442496.0
 58510754709504.0
 166176697090048.0
 231448539824128.0
 206481727160320.0
 115554694201344.0
 28675869245440.0
 1372228026368.0
 28975053144064.0
 58995771441152.0
 50827876106240.0
 60387466674176.0
 53828766400512.0
 15806046928896.0
 3815318487040.0
 61039060189184.0
 162635580440576.0
 232067602317312.0
 209060888576000.0
 106605148372992.0
 14152147927040.0
 52251188002816.0
 314468949032960.0
 830318042939392.0
 1561641384673280.0
 2424645672239104.0
 3321165871316992.0
 4165141708931072.0
 4897526511566848.0
 5489623723671552.0
 5938420425687040.0
 6258334822825984.0
 6472639732252672.0
 6606449975230464.0
 6681808397664256.0
 6714681540476928.0
 6713360301162496.0
 6677824815497216.0
 6599743920668672.0
 6463181140525056.0
 6246211740762112.0
 5923959807672320.0
 5473510080118784.0
 4880900156293120.0
 4149563057242112.0
 3308412502802432.0
 2416265922609152.0
 1558348621152256.0
 831429030182912.0
 317759497961472.0
 54575973269504.0
 12860508864512.0
 101152007913472.0
 201670692700160.0
 226480923607040.0
 161287380140032.0
 62798210007040.0
 4787580436480.0
 13205656043520.0
 49148736831488.0
 57708740870144.0
 62395586183168.0
 39918365573120.0
 4340871856128.0
 18512982573056.0
 101985432895488.0
 199861219622912.0
 229842322718720.0
 159682991751168.0
 46673732567040.0
 13057519517696.0
 182746127269888.0
 623582140956672.0
 1324116137213952.0
 2206967066001408.0
 3162703589801984.0
 4084940174000128.0
 4894156572852224.0
 5546832688054272.0
 6032859240333312.0
 6366572293652480.0
 6576204815532032.0
 6694721753710592.0
 6753291148984320.0
 6777279615074304.0
 6784243904544768.0
 6783066009763840.0
 6773678821867520.0
 6747120354721792.0
 6685790906089472.0
 6564368959406080.0
 6351870620598272.0
 6015672391827456.0
 5528043816747008.0
 4875226504495104.0
 4067811307552768.0
 3149447441678336.0
 2199159620763648.0
 1322067706249216.0
 625814651535360.0
 186164199817216.0
 14128755245056.0
 43309955284992.0
 152736620347392.0
 222826124541952.0
 196434221596672.0
 102783416008704.0
 20332704432128.0
 3235141648384.0
 35568545169408.0
 58571236573184.0
 58532120494080.0
 25134542880768.0
 1116529229824.0
 43404956270592.0
 142559292686336.0
 221187460300800.0
 206016041975808.0
 102879910166528.0
 11073602191360.0
 72521252601856.0
 398346975969280.0
 1019408944201728.0
 1880768997490688.0
 2871184832069632.0
 3865220116119552.0
 4758232669093888.0
 5484801012269056.0
 6021037879721984.0
 6376333143703552.0
 6581011957678080.0
 6674551513546752.0
 6696717302890496.0
 6682066632572928.0
 6657229910441984.0
 6639937298366464.0
 6638957508952064.0
 6654206253465600.0
 6676782212186112.0
 6688840869740544.0
 6663738933379072.0
 6567020027969536.0
 6359208035352576.0
 6001313779286016.0
 5463675678752768.0
 4737598035591168.0
 3847447541448704.0
 2858545817059328.0
 1874597800574976.0
 1019240299626496.0
 401618801524736.0
 75331100737536.0
 10038071525376.0
 97241666682880.0
 198407004094464.0
 215858664177664.0
 141837117423616.0
 45378707652608.0
 1395542196224.0
 21638286409728.0
 54015559729152.0
 50319677456384.0
 12556971278336.0
 6707833995264.0
 74396374925312.0
 176893496131584.0
 224994428715008.0
 167234718662656.0
 51853928693760.0
 12530880610304.0
 196180902412288.0
 687688957034496.0
 1474785871659008.0
 2461476358979584.0
 3511011478863872.0
 4492114616385536.0
 5310421045084160.0
 5919796910620672.0
 6317622551379968.0
 6531749756534784.0
 6605866933420032.0
 6587552119128064.0
 6520371851296768.0
 6439829940207616.0
 6372000058572800.0
 6333657811779584.0
 6332912098082816.0
 6369661448880128.0
 6435627851579392.0
 6513883766325248.0
 6578270157930496.0
 6593305227821056.0
 6515626986176512.0
 6298093871955968.0
 5897688029593600.0
 5287394114797568.0
 4470601393635328.0
 3493766916734976.0
 2450737330126848.0
 1471207358595072.0
 689599949045760.0
 199816474787840.0
 13622687301632.0
 48063204818944.0
 159864168906752.0
 218228177502208.0
 174404411588608.0
 75879396933632.0
 8028369190912.0
 10211456712704.0
 45613110525952.0
 39758671642624.0
 4242424463360.0
 19984533159936.0
 107058569412608.0
 201267385204736.0
 213049856229376.0
 121893831049216.0
 17478681886720.0
 57094875119616.0
 378813397598208.0
 1031867033714688.0
 1959599229894656.0
 3030950636158976.0
 4093231876800512.0
 5018559226839040.0
 5729196999442432.0
 6200969092136960.0
 6452117304770560.0
 6526532445011968.0
 6478050317303808.0
 6359131799683072.0
 6214453678833664.0
 6078431527698432.0
 5975226147930112.0
 5919829122875392.0
 5919317484896256.0
 5973591376003072.0
 6075375658467328.0
 6209494065348608.0
 6351647282298880.0
 6467368733638656.0
 6512091691220992.0
 6433690284457984.0
 6178965974679552.0
 5704924528640000.0
 4994307157131264.0
 4071993263521792.0
 3015673705922560.0
 1952023041802240.0
 1031412773814272.0
 382279536869376.0
 59795872677888.0
 15723219910656.0
 115440298754048.0
 205449659940864.0
 197049676988416.0
 107561441296384.0
 21889435041792.0
 3119370993664.0
 35308372492288.0
 28781657980928.0
 1069495681024.0
 38772112621568.0
 137591298981888.0
 214312861827072.0
 189357793214464.0
 78106538803200.0
 6690442313728.0
 144249932742656.0
 608698468663296.0
 1408569555550208.0
 2445487269478400.0
 3561281655144448.0
 4596632377098240.0
 5434435004530688.0
 6017491310477312.0
 6344099414147072.0
 6451417761972224.0
 6396254812635136.0
 6239283421642752.0
 6034977732952064.0
 5826935959584768.0
 5647013337104384.0
 5516539209973760.0
 5448239029420032.0
 5447949655998464.0
 5515568547364864.0
 5645061811339264.0
 5823495690780672.0
 6029362063212544.0
 6230690802696192.0
 6383892823015424.0
 6434725371576320.0
 6323069106782208.0
 5993006775664640.0
 5408486422740992.0
 4572238036598784.0
 3541865718611968.0
 2433733017731072.0
 1405055869648896.0
 611085128302592.0
 147876025991168.0
 6856611725312.0
 73021062643712.0
 181532547350528.0
 208612869799936.0
 136823330308096.0
 40797378445312.0
 1062179307520.0
 24916902543360.0
 18896308404224.0
 2887907540992.0
 60534909042688.0
 163362033893376.0
 216660967424000.0
 158856176992256.0
 42252885819392.0
 22018523136000.0
 268149253472256.0
 870445385515008.0
 1795640195547136.0
 2908948600455168.0
 4033574244188160.0
 5011570778177536.0
 5741761389395968.0
 6189159005814784.0
 6373355120754688.0
 6347625045426176.0
 6178381859127296.0
 5930120401387520.0
 5657011484098560.0
 5400000641105920.0
 5187448078336000.0
 5037367425499136.0
 4960014527627264.0
 4959918427734016.0
 5036986247151616.0
 5186486005661696.0
 5397963215994880.0
 5653184131366912.0
 5923625873965056.0
 6168256473726976.0
 6333035578392576.0
 6353908045709312.0
 6165288114454528.0
 5715070852005888.0
 4984919969234944.0
 4010646098149376.0
 2893175601496064.0
 1788704897105920.0
 871036883042304.0
 271990229303296.0
 23783213629440.0
 38748305752064.0
 151325572595712.0
 209840341254144.0
 161223526055936.0
 62285036912640.0
 3777882226688.0
 15810382790656.0
 11033697583104.0
 8829058154496.0
 82914586918912.0
 183042748448768.0
 210297017073664.0
 126303663554560.0
 18238152900608.0
 61997542539264.0
 419378692620288.0
 1147603047677952.0
 2173589398749184.0
 3332816506978304.0
 4437771737366528.0
 5338017820573696.0
 5951250029871104.0
 6264524407570432.0
 6316452709662720.0
 6173264405594112.0
 5907898240598016.0
 5586188010258432.0
 5260303071707136.0
 4967570448842752.0
 4732388777132032.0
 4569342691770368.0
 4486222458126336.0
 4486288761683968.0
 4569454360920064.0
 4732275497369600.0
 4966751720701952.0
 5258082036744192.0
 5581648766697472.0
 5899972952195072.0
 6160906174070784.0
 6298934611804160.0
 6241851275214848.0
 5924595999703040.0
 5309959872970752.0
 4412056425988096.0
 3313421508411392.0
 2163170076524544.0
 1145925594513408.0
 422804566573056.0
 64929826603008.0
 16323520233472.0
 119447335469056.0
 202747806744576.0
 179586407071744.0
 84102229262336.0
 10351700606976.0
 8795287191552.0
 5559975149568.0
 17649924833280.0
 104057117081600.0
 196457156050944.0
 197864177270784.0
 95527353974784.0
 7386014679040.0
 122105492406272.0
 586758836191232.0
 1424654744944640.0
 2526971120582656.0
 3706399741706240.0
 4771332319346688.0
 5582959268593664.0
 6078837938978816.0
 6266569885745152.0
 6200955670364160.0
 5958082249097216.0
 5614780681289728.0
 5236379566997504.0
 4871970382413824.0
 4554794563796992.0
 4305234415321088.0
 4134562883960832.0
 4048272964452352.0
 4048468653899776.0
 4135069153230848.0
 4305808061890560.0
 4554992669163520.0
 4871125347598336.0
 5233573342740480.0
 5608888523030528.0
 5947904787218432.0
 6185492714356736.0
 6245445089099776.0
 6052786814844928.0
 5554209831256064.0
 4743547102167040.0
 3683909413896192.0
 2513238231089152.0
 1420479499862016.0
 589284478287872.0
 125756197830656.0
 6923210981376.0
 89572893523968.0
 189945599754240.0
 191836291334144.0
 104512165511168.0
 19546477953024.0
 4141603618816.0
 2388120305664.0
 28025194283008.0
 122735854354432.0
 204271530278912.0
 182077051895808.0
 69065867526144.0
 8785090314240.0
 195893760360448.0
 758864886628352.0
 1688272052944896.0
 2844766756667392.0
 4024690104336384.0
 5037334676373504.0
 5757708602966016.0
 6142688533413888.0
 6218087221166080.0
 6051899367227392.0
 5727315266895872.0
 5323010131099648.0
 4902571487526912.0
 4511479281745920.0
 4178843191476224.0
 3921240716738560.0
 3746932958691328.0
 3659381124104192.0
 3659673181880320.0
 3747743096897536.0
 3922350697349120.0
 4179854387838976.0
 4511763823329280.0
 4901235752697856.0
 5318909511073792.0
 5719144628486144.0
 6038446992785408.0
 6198646051700736.0
 6117596260728832.0
 5728813136740352.0
 5008125677535232.0
 3999682388819968.0
 2828052354564096.0
 1681584654647296.0
 760177267572736.0
 199861823602688.0
 9550180646912.0
 64103108313088.0
 174077725638656.0
 198690438381568.0
 122394295402496.0
 30076762587136.0
 1699754541056.0
 1129551101952.0
 38748372860928.0
 138321284038656.0
 207648582533120.0
 165323407884288.0
 48146273009664.0
 19886839431168.0
 276064676872192.0
 925116695314432.0
 1927876869881856.0
 3120057785778176.0
 4287099721220096.0
 5242489157976064.0
 5875586664759296.0
 6160948586872832.0
 6139817347776512.0
 5890536909045760.0
 5501125646090240.0
 5050639948185600.0
 4600250350174208.0
 4191736951734272.0
 3850325974843392.0
 3589196526649344.0
 3413996220710912.0
 3326455928848384.0
 3326821269504000.0
 3415031307829248.0
 3590711576363008.0
 3851963699560448.0
 4192916993998848.0
 4600114521833472.0
 5048045787938816.0
 5494708428079104.0
 5878928686186496.0
 6122041551880192.0
 6136984816844800.0
 5846928495476736.0
 5212381437231104.0
 4260128400343040.0
 3100785999085568.0
 1918831400321024.0
 925074081185792.0
 280037236408320.0
 21623593762816.0
 44155459862528.0
 157445313789952.0
 201322380918784.0
 137202881265664.0
 40792869568512.0
 1049320226816.0
 1242052689920.0
 48838349946880.0
 150659013804032.0
 207940522868736.0
 149462613753856.0
 32892117843968.0
 37181716430848.0
 355352776278016.0
 1076425910124544.0
 2135666985009152.0
 3349273211043840.0
 4496024647237632.0
 5395324495462400.0
 5950115084763136.0
 6150225127276544.0
 6049456604577792.0
 5733952601980928.0
 5294790048481280.0
 4810509937278976.0
 4339649719828480.0
 3920531778699264.0
 3574957099450368.0
 3313212397191168.0
 3138787332849664.0
 3052001344618496.0
 3052417419575296.0
 3139982407499776.0
 3315022725906432.0
 3577060291248128.0
 3922394183892992.0
 4340458515857408.0
 4809133937131520.0
 5289835266834432.0
 5723937811988480.0
 6033200153362432.0
 6127407576645632.0
 5921898223370240.0
 5364712652931072.0
 4467589010948096.0
 3327907359358976.0
 2124540872228864.0
 1075038367252480.0
 359122583158784.0
 39641105301504.0
 29775997435904.0
 141822034706432.0
 201068155764736.0
 148842745954304.0
 50774130294784.0
 1639811907584.0
 2149948719104.0
 57568965689344.0
 159911329660928.0
 206460218769408.0
 135787605655552.0
 22656099287040.0
 56833800667136.0
 427161710231552.0
 1205470752669696.0
 2306293016559616.0
 3531257149390848.0
 4655505104437248.0
 5504736102973440.0
 5993713297784832.0
 6124723758956544.0
 5961292737150976.0
 5595199925387264.0
 5119325602054144.0
 4611249224548352.0
 4127025484791808.0
 3701987199680512.0
 3355110340034560.0
 3094357238349824.0
 2921506011086848.0
 2835787859099648.0
 2836236683182080.0
 2922810607403008.0
 3096372383318016.0
 3357547733975040.0
 3704352384483328.0
 4128542413553664.0
 4610813822238720.0
 5115528314093568.0
 5586485973614592.0
 5946324776124416.0
 6102947737894912.0
 5966010758725632.0
 5473889647853568.0
 4626025522659328.0
 3508260552310784.0
 2293445158764544.0
 1202872297455616.0
 430626641543168.0
 59798183739392.0
 20268869222400.0
 128425184460800.0
 199209860988928.0
 157513546727424.0
 59349770698752.0
 2902505816064.0
 3328763756544.0
 64447913656320.0
 166401646002176.0
 204336055451648.0
 125096056324096.0
 16388024434688.0
 75208660615168.0
 485967899131904.0
 1306708366327808.0
 2436361806151680.0
 3666337628946432.0
 4770066914607104.0
 5578875291566080.0
 6016886256959488.0
 6095813797216256.0
 5886234962427904.0
 5483781494407168.0
 4982295744217088.0
 4458323155877888.0
 3965851468300288.0
 3537861735350272.0
 3191167411814400.0
 2931993515917312.0
 2760858664960000.0
 2676200833024000.0
 2676671937249280.0
 2762234933542912.0
 2934144220790784.0
 3193831096844288.0
 3540575349374976.0
 3967871981977600.0
 4458568237449216.0
 4979355302232064.0
 5476051627016192.0
 5872271486877696.0
 6074885495324672.0
 5989663680495616.0
 5547949379551232.0
 4739886179418112.0
 3642151862796288.0
 2422196735574016.0
 1303126363602944.0
 489118156980224.0
 78501843566592.0
 14557742366720.0
 117992398520320.0
 196840834203648.0
 163559182958592.0
 66073189679104.0
 4327392411648.0
 4357281284096.0
 69170381193216.0
 170484029194240.0
 202436572610560.0
 117816548130816.0
 12975327936512.0
 89271843160064.0
 527540397539328.0
 1376233283649536.0
 2523899950530560.0
 3755503565930496.0
 4843839420366848.0
 5624393354969088.0
 6027755208572928.0
 6071931631566848.0
 5832077572308992.0
 5406199352655872.0
 4888590832107520.0
 4354967720689664.0
 3857845388836864.0
 3428587835228160.0
 3082557084139520.0
 2824823076028416.0
 2655080331345920.0
 2571246327824384.0
 2571730048516096.0
 2656497402118144.0
 2827056459022336.0
 3085360355606528.0
 3431519150407680.0
 3860186414448640.0
 4355653841715200.0
 4886210883354624.0
 5399124467777536.0
 5818794849075200.0
 6051594961420288.0
 6000892872491008.0
 5593464221728768.0
 4813231872802816.0
 3730545242537984.0
 2508848237641728.0
 1371961267585024.0
 530439064256512.0
 92757947318272.0
 11518733189120.0
 110908529442816.0
 194797939720192.0
 167342680047616.0
 70673510694912.0
 5509075173376.0
 4945154670592.0
 71568055074816.0
 172445822615552.0
 201342362583040.0
 114143025692672.0
 11517990797312.0
 96863021694976.0
 549037983924224.0
 1411586233204736.0
 2567880952512512.0
 3799777162559488.0
 4879903723880448.0
 5645954090795008.0
 6031808583958528.0
 6058620454174720.0
 5803790380826624.0
 5366454262169600.0
 4841079367008256.0
 4302918622642176.0
 3803724774375424.0
 3374042555875328.0
 3028503310106624.0
 2771601988780032.0
 2602626701066240.0
 2519240716320768.0
 2519730074157056.0
 2604064441368576.0
 2773874563350528.0
 3031372616695808.0
 3377078560882688.0
 3806220955680768.0
 4303820834209792.0
 4838978591129600.0
 5359710626643968.0
 5790853939331072.0
 6038589800448000.0
 6005140595146752.0
 5615038379327488.0
 4849096460337152.0
 3774440613609472.0
 2552383099895808.0
 1406960150773760.0
 551798372827136.0
 100437273346048.0
 10248430551040.0
 107339671666688.0
 193638231441408.0
 169154854256640.0
 73004688080896.0
 6170025132032.0
 4945154670592.0
 71568055074816.0
 172445822615552.0
 201342362583040.0
 114143025692672.0
 11517990797312.0
 96863021694976.0
 549037983924224.0
 1411586233204736.0
 2567880952512512.0
 3799777162559488.0
 4879903723880448.0
 5645954090795008.0
 6031808583958528.0
 6058620454174720.0
 5803790380826624.0
 5366454262169600.0
 4841079367008256.0
 4302918622642176.0
 3803724774375424.0
 3374042555875328.0
 3028503310106624.0
 2771601988780032.0
 2602626701066240.0
 2519240716320768.0
 2519730074157056.0
 2604064441368576.0
 2773874563350528.0
 3031372616695808.0
 3377078560882688.0
 3806220955680768.0
 4303820834209792.0
 4838978591129600.0
 5359710626643968.0
 5790853939331072.0
 6038589800448000.0
 6005140595146752.0
 5615038379327488.0
 4849096460337152.0
 3774440613609472.0
 2552383099895808.0
 1406960150773760.0
 551798372827136.0
 100437273346048.0
 10248430551040.0
 107339671666688.0
 193638231441408.0
 169154854256640.0
 73004688080896.0
 6170025132032.0
 4357281284096.0
 69170381193216.0
 170484029194240.0
 202436572610560.0
 117816548130816.0
 12975327936512.0
 89271843160064.0
 527540397539328.0
 1376233283649536.0
 2523899950530560.0
 3755503565930496.0
 4843839420366848.0
 5624393354969088.0
 6027755208572928.0
 6071931631566848.0
 5832077572308992.0
 5406199352655872.0
 4888590832107520.0
 4354967720689664.0
 3857845388836864.0
 3428587835228160.0
 3082557084139520.0
 2824823076028416.0
 2655080331345920.0
 2571246327824384.0
 2571730048516096.0
 2656497402118144.0
 2827056459022336.0
 3085360355606528.0
 3431519150407680.0
 3860186414448640.0
 4355653841715200.0
 4886210883354624.0
 5399124467777536.0
 5818794849075200.0
 6051594961420288.0
 6000892872491008.0
 5593464221728768.0
 4813231872802816.0
 3730545242537984.0
 2508848237641728.0
 1371961267585024.0
 530439064256512.0
 92757947318272.0
 11518733189120.0
 110908529442816.0
 194797939720192.0
 167342680047616.0
 70673510694912.0
 5509075173376.0
 3328763756544.0
 64447913656320.0
 166401646002176.0
 204336055451648.0
 125096056324096.0
 16388024434688.0
 75208660615168.0
 485967899131904.0
 1306708366327808.0
 2436361806151680.0
 3666337628946432.0
 4770066914607104.0
 5578875291566080.0
 6016886256959488.0
 6095813797216256.0
 5886234962427904.0
 5483781494407168.0
 4982295744217088.0
 4458323155877888.0
 3965851468300288.0
 3537861735350272.0
 3191167411814400.0
 2931993515917312.0
 2760858664960000.0
 2676200833024000.0
 2676671937249280.0
 2762234933542912.0
 2934144220790784.0
 3193831096844288.0
 3540575349374976.0
 3967871981977600.0
 4458568237449216.0
 4979355302232064.0
 5476051627016192.0
 5872271486877696.0
 6074885495324672.0
 5989663680495616.0
 5547949379551232.0
 4739886179418112.0
 3642151862796288.0
 2422196735574016.0
 1303126363602944.0
 489118156980224.0
 78501843566592.0
 14557742366720.0
 117992398520320.0
 196840834203648.0
 163559182958592.0
 66073189679104.0
 4327392411648.0
 2149948719104.0
 57568965689344.0
 159911329660928.0
 206460218769408.0
 135787605655552.0
 22656099287040.0
 56833800667136.0
 427161710231552.0
 1205470752669696.0
 2306293016559616.0
 3531257149390848.0
 4655505104437248.0
 5504736102973440.0
 5993713297784832.0
 6124723758956544.0
 5961292737150976.0
 5595199925387264.0
 5119325602054144.0
 4611249224548352.0
 4127025484791808.0
 3701987199680512.0
 3355110340034560.0
 3094357238349824.0
 2921506011086848.0
 2835787859099648.0
 2836236683182080.0
 2922810607403008.0
 3096372383318016.0
 3357547733975040.0
 3704352384483328.0
 4128542413553664.0
 4610813822238720.0
 5115528314093568.0
 5586485973614592.0
 5946324776124416.0
 6102947737894912.0
 5966010758725632.0
 5473889647853568.0
 4626025522659328.0
 3508260552310784.0
 2293445158764544.0
 1202872297455616.0
 430626641543168.0
 59798183739392.0
 20268869222400.0
 128425184460800.0
 199209860988928.0
 157513546727424.0
 59349770698752.0
 2902505816064.0
 1242052689920.0
 48838349946880.0
 150659013804032.0
 207940522868736.0
 149462613753856.0
 32892117843968.0
 37181716430848.0
 355352776278016.0
 1076425910124544.0
 2135666985009152.0
 3349273211043840.0
 4496024647237632.0
 5395324495462400.0
 5950115084763136.0
 6150225127276544.0
 6049456604577792.0
 5733952601980928.0
 5294790048481280.0
 4810509937278976.0
 4339649719828480.0
 3920531778699264.0
 3574957099450368.0
 3313212397191168.0
 3138787332849664.0
 3052001344618496.0
 3052417419575296.0
 3139982407499776.0
 3315022725906432.0
 3577060291248128.0
 3922394183892992.0
 4340458515857408.0
 4809133937131520.0
 5289835266834432.0
 5723937811988480.0
 6033200153362432.0
 6127407576645632.0
 5921898223370240.0
 5364712652931072.0
 4467589010948096.0
 3327907359358976.0
 2124540872228864.0
 1075038367252480.0
 359122583158784.0
 39641105301504.0
 29775997435904.0
 141822034706432.0
 201068155764736.0
 148842745954304.0
 50774130294784.0
 1639811907584.0
 1129551101952.0
 38748372860928.0
 138321284038656.0
 207648582533120.0
 165323407884288.0
 48146273009664.0
 19886839431168.0
 276064676872192.0
 925116695314432.0
 1927876869881856.0
 3120057785778176.0
 4287099721220096.0
 5242489157976064.0
 5875586664759296.0
 6160948586872832.0
 6139817347776512.0
 5890536909045760.0
 5501125646090240.0
 5050639948185600.0
 4600250350174208.0
 4191736951734272.0
 3850325974843392.0
 3589196526649344.0
 3413996220710912.0
 3326455928848384.0
 3326821269504000.0
 3415031307829248.0
 3590711576363008.0
 3851963699560448.0
 4192916993998848.0
 4600114521833472.0
 5048045787938816.0
 5494708428079104.0
 5878928686186496.0
 6122041551880192.0
 6136984816844800.0
 5846928495476736.0
 5212381437231104.0
 4260128400343040.0
 3100785999085568.0
 1918831400321024.0
 925074081185792.0
 280037236408320.0
 21623593762816.0
 44155459862528.0
 157445313789952.0
 201322380918784.0
 137202881265664.0
 40792869568512.0
 1049320226816.0
 2388120305664.0
 28025194283008.0
 122735854354432.0
 204271530278912.0
 182077051895808.0
 69065867526144.0
 8785090314240.0
 195893760360448.0
 758864886628352.0
 1688272052944896.0
 2844766756667392.0
 4024690104336384.0
 5037334676373504.0
 5757708602966016.0
 6142688533413888.0
 6218087221166080.0
 6051899367227392.0
 5727315266895872.0
 5323010131099648.0
 4902571487526912.0
 4511479281745920.0
 4178843191476224.0
 3921240716738560.0
 3746932958691328.0
 3659381124104192.0
 3659673181880320.0
 3747743096897536.0
 3922350697349120.0
 4179854387838976.0
 4511763823329280.0
 4901235752697856.0
 5318909511073792.0
 5719144628486144.0
 6038446992785408.0
 6198646051700736.0
 6117596260728832.0
 5728813136740352.0
 5008125677535232.0
 3999682388819968.0
 2828052354564096.0
 1681584654647296.0
 760177267572736.0
 199861823602688.0
 9550180646912.0
 64103108313088.0
 174077725638656.0
 198690438381568.0
 122394295402496.0
 30076762587136.0
 1699754541056.0
 5559975149568.0
 17649924833280.0
 104057117081600.0
 196457156050944.0
 197864177270784.0
 95527353974784.0
 7386014679040.0
 122105492406272.0
 586758836191232.0
 1424654744944640.0
 2526971120582656.0
 3706399741706240.0
 4771332319346688.0
 5582959268593664.0
 6078837938978816.0
 6266569885745152.0
 6200955670364160.0
 5958082249097216.0
 5614780681289728.0
 5236379566997504.0
 4871970382413824.0
 4554794563796992.0
 4305234415321088.0
 4134562883960832.0
 4048272964452352.0
 4048468653899776.0
 4135069153230848.0
 4305808061890560.0
 4554992669163520.0
 4871125347598336.0
 5233573342740480.0
 5608888523030528.0
 5947904787218432.0
 6185492714356736.0
 6245445089099776.0
 6052786814844928.0
 5554209831256064.0
 4743547102167040.0
 3683909413896192.0
 2513238231089152.0
 1420479499862016.0
 589284478287872.0
 125756197830656.0
 6923210981376.0
 89572893523968.0
 189945599754240.0
 191836291334144.0
 104512165511168.0
 19546477953024.0
 4141603618816.0
 11033697583104.0
 8829058154496.0
 82914586918912.0
 183042748448768.0
 210297017073664.0
 126303663554560.0
 18238152900608.0
 61997542539264.0
 419378692620288.0
 1147603047677952.0
 2173589398749184.0
 3332816506978304.0
 4437771737366528.0
 5338017820573696.0
 5951250029871104.0
 6264524407570432.0
 6316452709662720.0
 6173264405594112.0
 5907898240598016.0
 5586188010258432.0
 5260303071707136.0
 4967570448842752.0
 4732388777132032.0
 4569342691770368.0
 4486222458126336.0
 4486288761683968.0
 4569454360920064.0
 4732275497369600.0
 4966751720701952.0
 5258082036744192.0
 5581648766697472.0
 5899972952195072.0
 6160906174070784.0
 6298934611804160.0
 6241851275214848.0
 5924595999703040.0
 5309959872970752.0
 4412056425988096.0
 3313421508411392.0
 2163170076524544.0
 1145925594513408.0
 422804566573056.0
 64929826603008.0
 16323520233472.0
 119447335469056.0
 202747806744576.0
 179586407071744.0
 84102229262336.0
 10351700606976.0
 8795287191552.0
 18896308404224.0
 2887907540992.0
 60534909042688.0
 163362033893376.0
 216660967424000.0
 158856176992256.0
 42252885819392.0
 22018523136000.0
 268149253472256.0
 870445385515008.0
 1795640195547136.0
 2908948600455168.0
 4033574244188160.0
 5011570778177536.0
 5741761389395968.0
 6189159005814784.0
 6373355120754688.0
 6347625045426176.0
 6178381859127296.0
 5930120401387520.0
 5657011484098560.0
 5400000641105920.0
 5187448078336000.0
 5037367425499136.0
 4960014527627264.0
 4959918427734016.0
 5036986247151616.0
 5186486005661696.0
 5397963215994880.0
 5653184131366912.0
 5923625873965056.0
 6168256473726976.0
 6333035578392576.0
 6353908045709312.0
 6165288114454528.0
 5715070852005888.0
 4984919969234944.0
 4010646098149376.0
 2893175601496064.0
 1788704897105920.0
 871036883042304.0
 271990229303296.0
 23783213629440.0
 38748305752064.0
 151325572595712.0
 209840341254144.0
 161223526055936.0
 62285036912640.0
 3777882226688.0
 15810382790656.0
 28781657980928.0
 1069495681024.0
 38772112621568.0
 137591298981888.0
 214312861827072.0
 189357793214464.0
 78106538803200.0
 6690442313728.0
 144249932742656.0
 608698468663296.0
 1408569555550208.0
 2445487269478400.0
 3561281655144448.0
 4596632377098240.0
 5434435004530688.0
 6017491310477312.0
 6344099414147072.0
 6451417761972224.0
 6396254812635136.0
 6239283421642752.0
 6034977732952064.0
 5826935959584768.0
 5647013337104384.0
 5516539209973760.0
 5448239029420032.0
 5447949655998464.0
 5515568547364864.0
 5645061811339264.0
 5823495690780672.0
 6029362063212544.0
 6230690802696192.0
 6383892823015424.0
 6434725371576320.0
 6323069106782208.0
 5993006775664640.0
 5408486422740992.0
 4572238036598784.0
 3541865718611968.0
 2433733017731072.0
 1405055869648896.0
 611085128302592.0
 147876025991168.0
 6856611725312.0
 73021062643712.0
 181532547350528.0
 208612869799936.0
 136823330308096.0
 40797378445312.0
 1062179307520.0
 24916902543360.0
 39758671642624.0
 4242424463360.0
 19984533159936.0
 107058569412608.0
 201267385204736.0
 213049856229376.0
 121893831049216.0
 17478681886720.0
 57094875119616.0
 378813397598208.0
 1031867033714688.0
 1959599229894656.0
 3030950636158976.0
 4093231876800512.0
 5018559226839040.0
 5729196999442432.0
 6200969092136960.0
 6452117304770560.0
 6526532445011968.0
 6478050317303808.0
 6359131799683072.0
 6214453678833664.0
 6078431527698432.0
 5975226147930112.0
 5919829122875392.0
 5919317484896256.0
 5973591376003072.0
 6075375658467328.0
 6209494065348608.0
 6351647282298880.0
 6467368733638656.0
 6512091691220992.0
 6433690284457984.0
 6178965974679552.0
 5704924528640000.0
 4994307157131264.0
 4071993263521792.0
 3015673705922560.0
 1952023041802240.0
 1031412773814272.0
 382279536869376.0
 59795872677888.0
 15723219910656.0
 115440298754048.0
 205449659940864.0
 197049676988416.0
 107561441296384.0
 21889435041792.0
 3119370993664.0
 35308372492288.0
 50319677456384.0
 12556971278336.0
 6707833995264.0
 74396374925312.0
 176893496131584.0
 224994428715008.0
 167234718662656.0
 51853928693760.0
 12530880610304.0
 196180902412288.0
 687688957034496.0
 1474785871659008.0
 2461476358979584.0
 3511011478863872.0
 4492114616385536.0
 5310421045084160.0
 5919796910620672.0
 6317622551379968.0
 6531749756534784.0
 6605866933420032.0
 6587552119128064.0
 6520371851296768.0
 6439829940207616.0
 6372000058572800.0
 6333657811779584.0
 6332912098082816.0
 6369661448880128.0
 6435627851579392.0
 6513883766325248.0
 6578270157930496.0
 6593305227821056.0
 6515626986176512.0
 6298093871955968.0
 5897688029593600.0
 5287394114797568.0
 4470601393635328.0
 3493766916734976.0
 2450737330126848.0
 1471207358595072.0
 689599949045760.0
 199816474787840.0
 13622687301632.0
 48063204818944.0
 159864168906752.0
 218228177502208.0
 174404411588608.0
 75879396933632.0
 8028369190912.0
 10211456712704.0
 45613110525952.0
 58532120494080.0
 25134542880768.0
 1116529229824.0
 43404956270592.0
 142559292686336.0
 221187460300800.0
 206016041975808.0
 102879910166528.0
 11073602191360.0
 72521252601856.0
 398346975969280.0
 1019408944201728.0
 1880768997490688.0
 2871184832069632.0
 3865220116119552.0
 4758232669093888.0
 5484801012269056.0
 6021037879721984.0
 6376333143703552.0
 6581011957678080.0
 6674551513546752.0
 6696717302890496.0
 6682066632572928.0
 6657229910441984.0
 6639937298366464.0
 6638957508952064.0
 6654206253465600.0
 6676782212186112.0
 6688840869740544.0
 6663738933379072.0
 6567020027969536.0
 6359208035352576.0
 6001313779286016.0
 5463675678752768.0
 4737598035591168.0
 3847447541448704.0
 2858545817059328.0
 1874597800574976.0
 1019240299626496.0
 401618801524736.0
 75331100737536.0
 10038071525376.0
 97241666682880.0
 198407004094464.0
 215858664177664.0
 141837117423616.0
 45378707652608.0
 1395542196224.0
 21638286409728.0
 54015559729152.0
 62395586183168.0
 39918365573120.0
 4340871856128.0
 18512982573056.0
 101985432895488.0
 199861219622912.0
 229842322718720.0
 159682991751168.0
 46673732567040.0
 13057519517696.0
 182746127269888.0
 623582140956672.0
 1324116137213952.0
 2206967066001408.0
 3162703589801984.0
 4084940174000128.0
 4894156572852224.0
 5546832688054272.0
 6032859240333312.0
 6366572293652480.0
 6576204815532032.0
 6694721753710592.0
 6753291148984320.0
 6777279615074304.0
 6784243904544768.0
 6783066009763840.0
 6773678821867520.0
 6747120354721792.0
 6685790906089472.0
 6564368959406080.0
 6351870620598272.0
 6015672391827456.0
 5528043816747008.0
 4875226504495104.0
 4067811307552768.0
 3149447441678336.0
 2199159620763648.0
 1322067706249216.0
 625814651535360.0
 186164199817216.0
 14128755245056.0
 43309955284992.0
 152736620347392.0
 222826124541952.0
 196434221596672.0
 102783416008704.0
 20332704432128.0
 3235141648384.0
 35568545169408.0
 58571236573184.0
 60387466674176.0
 53828766400512.0
 15806046928896.0
 3815318487040.0
 61039060189184.0
 162635580440576.0
 232067602317312.0
 209060888576000.0
 106605148372992.0
 14152147927040.0
 52251188002816.0
 314468949032960.0
 830318042939392.0
 1561641384673280.0
 2424645672239104.0
 3321165871316992.0
 4165141708931072.0
 4897526511566848.0
 5489623723671552.0
 5938420425687040.0
 6258334822825984.0
 6472639732252672.0
 6606449975230464.0
 6681808397664256.0
 6714681540476928.0
 6713360301162496.0
 6677824815497216.0
 6599743920668672.0
 6463181140525056.0
 6246211740762112.0
 5923959807672320.0
 5473510080118784.0
 4880900156293120.0
 4149563057242112.0
 3308412502802432.0
 2416265922609152.0
 1558348621152256.0
 831429030182912.0
 317759497961472.0
 54575973269504.0
 12860508864512.0
 101152007913472.0
 201670692700160.0
 226480923607040.0
 161287380140032.0
 62798210007040.0
 4787580436480.0
 13205656043520.0
 49148736831488.0
 57708740870144.0
 52090005094400.0
 63326386126848.0
 32850850086912.0
 1825277739008.0
 26770168348672.0
 115054674444288.0
 210001134092288.0
 238223699738624.0
 172998715768832.0
 62303395381248.0
 6895722561536.0
 110571231903744.0
 435570517999616.0
 983604351991808.0
 1703771516174336.0
 2516119885709312.0
 3337324880461824.0
 4099369116631040.0
 4758242869641216.0
 5294092116295680.0
 5706156110512128.0
 6005738669342720.0
 6209470979899392.0
 6333947722072064.0
 6392033933524992.0
 6390670818279424.0
 6329864281915392.0
 6202717680697344.0
 5996455634403328.0
 5694652040609792.0
 5280946832015360.0
 4744371199016960.0
 4086021968887808.0
 3325973281898496.0
 2508150305456128.0
 1700032210272256.0
 983910838173696.0
 438431268208640.0
 113439959678976.0
 7117454442496.0
 58510754709504.0
 166176697090048.0
 231448539824128.0
 206481727160320.0
 115554694201344.0
 28675869245440.0
 1372228026368.0
 28975053144064.0
 58995771441152.0
 50827876106240.0
 38689560330240.0
 65368571772928.0
 50912798179328.0
 12278645653504.0
 5695707021312.0
 66040822235136.0
 166600925773824.0
 238238715346944.0
 226222168604672.0
 135383098589184.0
 33221244878848.0
 16234207772672.0
 165852963930112.0
 518427450015744.0
 1058899021004800.0
 1733679789375488.0
 2471870179835904.0
 3204884732051456.0
 3879084538986496.0
 4460544190840832.0
 4933753486966784.0
 5296987461124096.0
 5556648298938368.0
 5722114061500416.0
 5801781946744832.0
 5800489161588736.0
 5718276508221440.0
 5550414153908224.0
 5288655224569856.0
 4923819227611136.0
 4449754427686912.0
 3868448857784320.0
 3195594717790208.0
 2465099969200128.0
 1730250526425088.0
 1058888954675200.0
 520879641460736.0
 168819779698688.0
 17363738034176.0
 30830376255488.0
 129558334406656.0
 219145404678144.0
 233097102622720.0
 165372883894272.0
 67716425711616.0
 6837210447872.0
 10127050539008.0
 46335071879168.0
 62074218610688.0
 38805843214336.0
 23074212675584.0
 58556325822464.0
 64473964478464.0
 31489326579712.0
 1664055640064.0
 26011095793664.0
 110833073913856.0
 207260877848576.0
 249708157075456.0
 206612052574208.0
 105088915865600.0
 18160189177856.0
 29497174786048.0
 198975869157376.0
 544595746226176.0
 1043443111428096.0
 1645307481817088.0
 2290040055005184.0
 2921907858964480.0
 3497962026041344.0
 3990524176367616.0
 4385487758295040.0
 4678522371047424.0
 4870798930083840.0
 4965292505563136.0
 4964189235838976.0
 4867555156033536.0
 4673369484034048.0
 4378826264018944.0
 3982955370250240.0
 3490290677579776.0
 2915077787222016.0
 2285000179318784.0
 1642770364104704.0
 1043588536336384.0
 546813257973760.0
 201821083664384.0
 31034802438144.0
 16733893033984.0
 100277201928192.0
 199801006194688.0
 243643646476288.0
 204433229086720.0
 111556549410816.0
 27848895102976.0
 1282309357568.0
 27822261272576.0
 60032959905792.0
 56785012523008.0
 24155980300288.0
 9294484340736.0
 44064003063808.0
 68710140215296.0
 52768517652480.0
 13993197436928.0
 3857589207040.0
 56034462793728.0
 152280313626624.0
 235063073570816.0
 250942876286976.0
 188331648352256.0
 85846732570624.0
 12378797244416.0
 35912272576512.0
 198679650631680.0
 507328885424128.0
 937175352868864.0
 1444351062310912.0
 1979191662739456.0
 2496490006118400.0
 2961051922464768.0
 3349032156004352.0
 3646461862477824.0
 3846470704824320.0
 3946406809174016.0
 3945587812597760.0
 3844100956618752.0
 3642803892518912.0
 3344527272181760.0
 2956300883329024.0
 2492210071207936.0
 1976108681527296.0
 1443027272859648.0
 937791613566976.0
 509479489634304.0
 201302986457088.0
 37488236167168.0
 11462487572480.0
 81823589728256.0
 182023096369152.0
 244539482701824.0
 231069408296960.0
 151838888296448.0
 57808133292032.0
 4759024566272.0
 11754563174400.0
 48260953669632.0
 65292453543936.0
 43897619218432.0
 10605469630464.0
 1344282820608.0
 25834440097792.0
 61412487462912.0
 68169968386048.0
 36792451465216.0
 3613118693376.0
 16200704720896.0
 88170720919552.0
 185639794376704.0
 252384760561664.0
 248979707133952.0
 177233050206208.0
 78338005663744.0
 11877270683648.0
 30782152245248.0
 164269798719488.0
 412992881557504.0
 754098211127296.0
 1151083044929536.0
 1563752495316992.0
 1955502502182912.0
 2297162989830144.0
 2567916654428160.0
 2754398765711360.0
 2849042128175104.0
 2848556796870656.0
 2753027328966656.0
 2565909562523648.0
 2294911890096128.0
 1953498094632960.0
 1562500378132480.0
 1150977281359872.0
 755260872196096.0
 415123990642688.0
 166581229322240.0
 32115638927360.0
 11070145036288.0
 74788080975872.0
 171430247399424.0
 242617434505216.0
 247719754989568.0
 184183297146880.0
 89459278217216.0
 17775080767488.0
 2757780307968.0
 32981703983104.0
 63844013572096.0
 59647373344768.0
 26838256582656.0
 2021675499520.0
 1553727881216.0
 9635105865728.0
 44394551967744.0
 71287682629632.0
 60229941198848.0
 22155452481536.0
 1051570929664.0
 33513629810688.0
 116637252452352.0
 209759626067968.0
 263174641156096.0
 249259702091776.0
 176490457071616.0
 82698915807232.0
 16332670107648.0
 17492105756672.0
 106470175670272.0
 281544669265920.0
 523566479048704.0
 803488455983104.0
 1089630854184960.0
 1352945836752896.0
 1569897385558016.0
 1723406227603456.0
 1802652534964224.0
 1802480467836928.0
 1722955256037376.0
 1569353803759616.0
 1352580361879552.0
 1089735141359616.0
 804282890715136.0
 525085454630912.0
 283529481027584.0
 108320727760896.0
 18343367016448.0
 15307082039296.0
 79314968117248.0
 171083462344704.0
 243143718993920.0
 258266013630464.0
 207615917293568.0
 117344714096640.0
 35284494319616.0
 1239385899008.0
 19351103078400.0
 55743554256896.0
 68181477556224.0
 44365296697344.0
 10929966153728.0
 919406641152.0
 9246778327040.0
 989600874496.0
 23491548020736.0
 60150446555136.0
 73854856724480.0
 49382191792128.0
 11698651004928.0
 3991445962752.0
 50602474209280.0
 138049535082496.0
 225353092038656.0
 270792638070784.0
 254863761997824.0
 187486110220288.0
 99984590503936.0
 29889023442944.0
 7077252562944.0
 46068653883392.0
 145023748276224.0
 289379595583488.0
 457378583543808.0
 625350593740800.0
 771644830253056.0
 878996195639296.0
 935642452197376.0
 935692918063104.0
 879182087192576.0
 772056677351424.0
 626095300804608.0
 458519031578624.0
 290856728788992.0
 146586881490944.0
 47246515109888.0
 7233987411968.0
 28401314299904.0
 96530371444736.0
 182354278612992.0
 249101073514496.0
 265974339076096.0
 222894927904768.0
 138297670107136.0
 52308335394816.0
 4826620493824.0
 9859614375936.0
 45230657110016.0
 69923493642240.0
 58890737680384.0
 24611173433344.0
 1544195801088.0
 7124526039040.0
 20479507169280.0
 2641433460736.0
 6634973167616.0
 38776185290752.0
 71022065745920.0
 71590360383488.0
 39181040484352.0
 5688015716352.0
 9019572879360.0
 63490828009472.0
 150753201094656.0
 233275175993344.0
 276728635195392.0
 266286646951936.0
 210058596057088.0
 131808284901376.0
 59404653166592.0
 14919487455232.0
 9353532801024.0
 42084853612544.0
 103502965637120.0
 178956506497024.0
 252595096518656.0
 310367859245056.0
 342007440474112.0
 342143537250304.0
 310777122652160.0
 253269960032256.0
 179850463674368.0
 104488677408768.0
 42916315660288.0
 9656086822912.0
 14236957802496.0
 57325809303552.0
 128167310262272.0
 205148995452928.0
 260966474317824.0
 272265677635584.0
 230852831215616.0
 150768837459968.0
 65054061887488.0
 10179650256896.0
 4590796275712.0
 35565399441408.0
 67322815447040.0
 68708407967744.0
 39238351454208.0
 7809444872192.0
 1714429755392.0
 17355069456384.0
 29403740372992.0
 12780316917760.0
 380318875648.0
 16104108851200.0
 52446839701504.0
 77312951320576.0
 67467716067328.0
 31579013382144.0
 2952517386240.0
 13043379470336.0
 69638306136064.0
 153855929090048.0
 233364061683712.0
 279971167731712.0
 281125121425408.0
 241643886215168.0
 178032585211904.0
 110161054138368.0
 54307151937536.0
 19463231504384.0
 6889581051904.0
 11869600350208.0
 26422913531904.0
 42020869505024.0
 51767857381376.0
 51851458248704.0
 42248251113472.0
 26718481940480.0
 12092949135360.0
 6825072656384.0
 18827549081600.0
 52793075302400.0
 107530202120192.0
 174251604705280.0
 237023256379392.0
 276378830241792.0
 276096218038272.0
 231280834772992.0
 153885071114240.0
 71090139299840.0
 14308643700736.0
 2321791844352.0
 28480534216704.0
 63192998871040.0
 74275427975168.0
 52113761632256.0
 17373337747456.0
 469295661056.0
 10322171658240.0
 26283868160000.0
 31021210796032.0
 25316279975936.0
 6371069657088.0
 2080895533056.0
 26651343716352.0
 63144684683264.0
 80569014681600.0
 63900800253952.0
 27274933960704.0
 2082391457792.0
 14052457709568.0
 67765796864000.0
 146608909975552.0
 224035493380096.0
 276881693736960.0
 293639129399296.0
 275660027199488.0
 233244071034880.0
 179941094195200.0
 127753089187840.0
 84488348499968.0
 53276691136512.0
 33578928832512.0
 22875840970752.0
 18375392624640.0
 18319398666240.0
 22677039349760.0
 33146171031552.0
 52464921346048.0
 83117985497088.0
 125651491225600.0
 177011490291712.0
 229556002750464.0
 271532513296384.0
 289662224564224.0
 273813241593856.0
 222534133874688.0
 146857531539456.0
 69167520677888.0
 15277612859392.0
 1657381847040.0
 24553134751744.0
 59776448856064.0
 77133485441024.0
 62117080203264.0
 27694142062592.0
 2832177561600.0
 4776425684992.0
 22084438720512.0
 28973453017088.0
 24083773259776.0
 32682662690816.0
 19850757931008.0
 2389280555008.0
 6159776350208.0
 36194905751552.0
 70800791044096.0
 82544087269376.0
 62464284688384.0
 26416729030656.0
 2295948640256.0
 11479548952576.0
 57814877732864.0
 128486614237184.0
 202758745489408.0
 261808690561024.0
 294866986729472.0
 300431787950080.0
 283927570808832.0
 254024129445888.0
 219395301310464.0
 186775762894848.0
 160370220072960.0
 142219050745856.0
 132997932122112.0
 132801001160704.0
 141608209088512.0
 159290824327168.0
 185157969510400.0
 217188006887424.0
 251244346081280.0
 280717334413312.0
 297101007257600.0
 291889097998336.0
 259728936534016.0
 201996573343744.0
 129073506418688.0
 59191976787968.0
 12546185625600.0
 1848348246016.0
 23887026847744.0
 58525250224128.0
 78965037334528.0
 69293077168128.0
 36904137392128.0
 7240919023616.0
 1580963069952.0
 16912753885184.0
 29910712188928.0
 23640242388992.0
 12302587789312.0
 30118095355904.0
 31755593580544.0
 14751571640320.0
 669606346752.0
 10818510913536.0
 43528528855040.0
 75922984140800.0
 84580807737344.0
 64025798901760.0
 29193677045760.0
 3911955513344.0
 6425645940736.0
 41295946973184.0
 100077989265408.0
 167588852137984.0
 229003629690880.0
 274519361060864.0
 300709316657152.0
 309392666787840.0
 305418983178240.0
 294526543462400.0
 281872194076672.0
 271329458651136.0
 265350176309248.0
 265092226613248.0
 270556297428992.0
 280592998465536.0
 292777954902016.0
 303293611900928.0
 307068519055360.0
 298465196244992.0
 272713243426816.0
 227994027163648.0
 167591586824192.0
 100992985071616.0
 42590841864192.0
 7201642512384.0
 3243381620736.0
 26678491348992.0
 60248219975680.0
 81039531704320.0
 74177365147648.0
 43950387757056.0
 12005667766272.0
 444731162624.0
 12275101466624.0
 28645462638592.0
 28823143841792.0
 13076283785216.0
 2554981253120.0
 18940950478848.0
 33945789923328.0
 29659861352448.0
 10914082324480.0
 379081588736.0
 14588966862848.0
 48065696235520.0
 78971471396864.0
 87323513454592.0
 68904588148736.0
 36071723237376.0
 8427419467776.0
 1785210339328.0
 21917616570368.0
 64598753411072.0
 119715074670592.0
 176215679827968.0
 225653320318976.0
 263597745766400.0
 289327217115136.0
 304622400962560.0
 312397063520256.0
 315596411502592.0
 316485704613888.0
 316278908649472.0
 314995116081152.0
 311461633064960.0
 303463430881280.0
 288112244686848.0
 262545596219392.0
 225005250019328.0
 176169475375104.0
 120326008602624.0
 65675288641536.0
 22970231685120.0
 2109632413696.0
 7371974246400.0
 33436960030720.0
 65265064738816.0
 83959052500992.0
 77218109718528.0
 48328335163392.0
 15771555069952.0
 517023432704.0
 8885942353920.0
 26492427829248.0
 31992097800192.0
 19245687635968.0
 3392951287808.0
 572324052992.0
 6222350123008.0
 24670220845056.0
 36087091167232.0
 27608817336320.0
 8565240627200.0
 594403655680.0
 16490870865920.0
 49477972918272.0
 79957585821696.0
 90569233661952.0
 76810297540608.0
 47546361708544.0
 18093979992064.0
 1982556667904.0
 5944797298688.0
 29280375406592.0
 66222653702144.0
 109203536478208.0
 151458599141376.0
 188359431421952.0
 217592539119616.0
 238630782107648.0
 251951203745792.0
 258310506807296.0
 258229103755264.0
 251730600132608.0
 238340217503744.0
 217340595666944.0
 188277625716736.0
 151670075949056.0
 109772216991744.0
 67089767333888.0
 30209996750848.0
 6518784655360.0
 1690927890432.0
 16543170691072.0
 44736836534272.0
 73333857058816.0
 87515411251200.0
 78403881402368.0
 49734345555968.0
 17635095871488.0
 905253683200.0
 6870892806144.0
 24529420156928.0
 33713203183616.0
 24461420003328.0
 7187205718016.0
 275732955136.0
 6739498893312.0
 229618925568.0
 10255809380352.0
 29089836564480.0
 37337010536448.0
 26417288970240.0
 7632212983808.0
 674233384960.0
 16017629642752.0
 47459195682816.0
 78274495512576.0
 93143647125504.0
 86492504391680.0
 63370304684032.0
 34792963833856.0
 11780332978176.0
 1307905490944.0
 5165207781376.0
 21015136567296.0
 44355763044352.0
 70326822109184.0
 94849680277504.0
 115058793250816.0
 129234777407488.0
 136506274480128.0
 136538243465216.0
 129343091113984.0
 115275915591680.0
 95213301268480.0
 70854411026432.0
 45010695225344.0
 21671631126528.0
 5589186904064.0
 1178432569344.0
 10776062459904.0
 32746669867008.0
 60447088705536.0
 83285799600128.0
 90553823789056.0
 77101726171136.0
 47845000347648.0
 17118204526592.0
 1003104043008.0
 6117306400768.0
 23463353909248.0
 34749934469120.0
 28459443159040.0
 11150643167232.0
 449148583936.0
 4937924214784.0
 15376572219392.0
 4282859388928.0
 878823014400.0
 13798698123264.0
 32232444002304.0
 38403047424000.0
 26560188907520.0
 8072559853568.0
 464620421120.0
 13146506919936.0
 41738307633152.0
 72789981659136.0
 92870035898368.0
 95264857653248.0
 81409704198144.0
 58167807442944.0
 33742341013504.0
 14494720851968.0
 3565099679744.0
 1050236223488.0
 5008839933952.0
 12610131984384.0
 21026358427648.0
 27954941788160.0
 31835622998016.0
 31892711669760.0
 28120910397440.0
 21281061732352.0
 12906978607104.0
 5259327438848.0
 1112384339968.0
 3247182970880.0
 13588709244928.0
 32096733102080.0
 55792665362432.0
 78575428435968.0
 92523125014528.0
 90915364405248.0
 72138488807424.0
 42336377634816.0
 14181433606144.0
 675009331200.0
 6579038978048.0
 23707577745408.0
 35757691502592.0
 31334124748800.0
 14555242561536.0
 1411200581632.0
 2939957805056.0
 12883057442816.0
 18867646627840.0
 13794189246464.0
 2704370565120.0
 1835269750784.0
 16320426934272.0
 34257321852928.0
 39722881646592.0
 28287543803904.0
 10066605375488.0
 409021808640.0
 8473671630848.0
 32399092088832.0
 62308193665024.0
 86908604514304.0
 98871984259072.0
 96712899166208.0
 83600372400128.0
 64809844342784.0
 45384969748480.0
 28787796344832.0
 16577813544960.0
 8770907799552.0
 4470791471104.0
 2483185516544.0
 1776307798016.0
 1762588622848.0
 2426323861504.0
 4323153281024.0
 8452858445824.0
 15982721499136.0
 27798699769856.0
 43909325520896.0
 62833425383424.0
 81249053966336.0
 94292441825280.0
 96839902691328.0
 85737076686848.0
 62241705558016.0
 33204115341312.0
 9369413484544.0
 365407993856.0
 8453726142464.0
 25496077205504.0
 37135797190656.0
 33260100911104.0
 16961340702720.0
 2523587674112.0
 1730330755072.0
 11373440401408.0
 17095371784192.0
 13996758401024.0
 19703011475456.0
 12525574815744.0
 1873324539904.0
 2535314685952.0
 17513659236352.0
 35216483680256.0
 41376955760640.0
 31658319282176.0
 14027129356288.0
 1565186457600.0
 3440525967360.0
 20475715518464.0
 46509361987584.0
 72844130123776.0
 92429029998592.0
 101930596564992.0
 101637607653376.0
 94132479459328.0
 82752695173120.0
 70471622066176.0
 59376891068416.0
 50633319120896.0
 44715428806656.0
 41716295925760.0
 41605662769152.0
 44372494123008.0
 50028131385344.0
 58470489391104.0
 69234780536832.0
 81193596878848.0
 92329943760896.0
 99768600625152.0
 100270969192448.0
 91301710135296.0
 72500163641344.0
 46961856086016.0
 21364901675008.0
 4056684691456.0
 1131016355840.0
 12191643205632.0
 28911624781824.0
 38953163948032.0
 34283890671616.0
 18108079144960.0
 3275457298432.0
 1135684485120.0
 10235394654208.0
 17652294615040.0
 13765778079744.0
 5059375529984.0
 16327977730048.0
 20226976514048.0
 11902794072064.0
 1608185937920.0
 2635297193984.0
 17184464044032.0
 34925837287424.0
 43018816061440.0
 36424208351232.0
 20378126647296.0
 5418501799936.0
 442442219520.0
 8588042436608.0
 27239374651392.0
 50657608335360.0
 73009704468480.0
 90331727003648.0
 101086954258432.0
 105719361699840.0
 105805269434368.0
 103261977706496.0
 99823185297408.0
 96796105768960.0
 95012779982848.0
 94869443837952.0
 96369486331904.0
 99127174103040.0
 102331026767872.0
 104708618321920.0
 104574048272384.0
 100060775841792.0
 89622663135232.0
 72791239950336.0
 50990074036224.0
 27973493194752.0
 9318899384320.0
 590796488704.0
 4481900085248.0
 18283845648384.0
 33763459334144.0
 40876181028864.0
 34207095062528.0
 17808928800768.0
 3356157280256.0
 967231733760.0
 9724917448704.0
 18043826601984.0
 15783202652160.0
 5802480369664.0
 158803345408.0
 6827048697856.0
 17992958083072.0
 20814397177856.0
 12110465597440.0
 1842358517760.0
 2058438574080.0
 15224335761408.0
 32954745094144.0
 43815557660672.0
 41772667371520.0
 29063557152768.0
 13301834579968.0
 2429223960576.0
 1043028639744.0
 9456886743040.0
 24880640688128.0
 43355790639104.0
 61354765451264.0
 76594131501056.0
 88130631761920.0
 96035166748672.0
 100936202584064.0
 103616018907136.0
 104730177044480.0
 104647264043008.0
 103380919779328.0
 100590457716736.0
 95649131397120.0
 87800397430784.0
 76429563789312.0
 61452232687616.0
 43753796534272.0
 25505873002496.0
 10084718477312.0
 1310816206848.0
 1941812019200.0
 11832936890368.0
 26779783790592.0
 39319825809408.0
 42094584397824.0
 32573382197248.0
 15929078448128.0
 2693547425792.0
 1164329484288.0
 9989182717952.0
 18601207660544.0
 17257873801216.0
 7493000364032.0
 391473954816.0
 3317157068800.0
 370052890624.0
 8041482682368.0
 19070791450624.0
 21677842890752.0
 13267615350784.0
 2713886916608.0
 1049395593216.0
 11710233575424.0
 28774856916992.0
 42490853851136.0
 46062299512832.0
 38861900087296.0
 25315279634432.0
 11589373657088.0
 2579607060480.0
 489631776768.0
 4970232938496.0
 14101470248960.0
 25481348907008.0
 36992595263488.0
 47145465937920.0
 55090668896256.0
 60456844656640.0
 63143506083840.0
 63151714336768.0
 60491321835520.0
 55178535370752.0
 47322683670528.0
 37288683765760.0
 25896467562496.0
 14579037896704.0
 5374257659904.0
 604396584960.0
 2152805695488.0
 10431665012736.0
 23439016460288.0
 36593033281536.0
 44018192875520.0
 41337290227712.0
 28803573219328.0
 12487964491776.0
 1511762296832.0
 1875075006464.0
 11143239172096.0
 19511193370624.0
 18278695043072.0
 8643074326528.0
 749380501504.0
 2105197461504.0
 10144182173696.0
 2786815115264.0
 538274627584.0
 8522657955840.0
 19560048623616.0
 22831035318272.0
 15441947787264.0
 4571782447104.0
 239860547584.0
 7132135555072.0
 22128080453632.0
 37655362404352.0
 46858722344960.0
 46869606563840.0
 39042712338432.0
 27172431462400.0
 15318316482560.0
 6341378703360.0
 1436296806400.0
 394806886400.0
 2176762118144.0
 5461221310464.0
 9022745870336.0
 11916988645376.0
 13530822606848.0
 13567787008000.0
 12024790646784.0
 9189269176320.0
 5657468076032.0
 2346095476736.0
 443938701312.0
 1235840139264.0
 5746065932288.0
 14215013203968.0
 25553318969344.0
 37079534796800.0
 44938549002240.0
 45454372896768.0
 37166902149120.0
 22547781386240.0
 7892168605696.0
 410284654592.0
 3467114971136.0
 13280373374976.0
 20786310021120.0
 18841029574656.0
 9105262510080.0
 969634480128.0
 1729139834880.0
 8131845816320.0
 12397671612416.0
 10145234944000.0
 2700205883392.0
 511899926528.0
 8159724306432.0
 19317481537536.0
 24044405522432.0
 18564044029952.0
 7863442341888.0
 649525723136.0
 2661342773248.0
 13608049180672.0
 28600707317760.0
 41703218085888.0
 48881484169216.0
 49076884209664.0
 43642597146624.0
 35063773265920.0
 25784148295680.0
 17532158214144.0
 11155066060800.0
 6780427436032.0
 4103845183488.0
 2665634070528.0
 2055257194496.0
 2034473893888.0
 2592538886144.0
 3946192830464.0
 6485475065856.0
 10654491607040.0
 16755209535488.0
 24682558390272.0
 33648462004224.0
 42022987628544.0
 47481391939584.0
 47627810897920.0
 41092347068416.0
 28744410464256.0
 14265454952448.0
 3222682992640.0
 390146392064.0
 6429729619968.0
 16385288699904.0
 22217414934528.0
 18792199487488.0
 8770714337280.0
 918266249216.0
 1695405703168.0
 8152930058240.0
 11150000390144.0
 7328081379328.0
 13067036393472.0
 10562893250560.0
 3085273399296.0
 301243203584.0
 6914684485632.0
 18064546463744.0
 24796572155904.0
 22242731753472.0
 12847735111680.0
 3466661199872.0
 224975224832.0
 5227058036736.0
 16467764445184.0
 29840954621952.0
 41425198645248.0
 48863100534784.0
 51612684910592.0
 50457892356096.0
 46793471557632.0
 42038997286912.0
 37314122219520.0
 33349013864448.0
 30540495323136.0
 29063236288512.0
 28972408635392.0
 30263260217344.0
 32873534980096.0
 36629230125056.0
 41147527331840.0
 45730169356288.0
 49307881308160.0
 50520815304704.0
 48020401946624.0
 41018116276224.0
 29960951562240.0
 17007532572672.0
 5826838790144.0
 352144457728.0
 2670448345088.0
 11104206979072.0
 20145367941120.0
 23311933243392.0
 17832859402240.0
 7575300997120.0
 604735340544.0
 2031075852288.0
 8591343878144.0
 11763201343488.0
 7520858931200.0
 1062973669376.0
 7844679647232.0
 13615352512512.0
 11461867864064.0
 4050084429824.0
 114291138560.0
 4898371928064.0
 15491648192512.0
 24285869506560.0
 25551423143936.0
 19127150313472.0
 9442206679040.0
 2012732325888.0
 390728941568.0
 5090496217088.0
 14282786865152.0
 25221465636864.0
 35476446642176.0
 43560791441408.0
 48989198090240.0
 52009751281664.0
 53250090860544.0
 53424234168320.0
 53149171712000.0
 52857948602368.0
 52771952787456.0
 52897979039744.0
 53029944426496.0
 52754642894848.0
 51479805165568.0
 48516831379456.0
 43253919383552.0
 35432179957760.0
 25480719761408.0
 14775525310464.0
 5598493540352.0
 570314981376.0
 1514150821888.0
 8115910606848.0
 17220120870912.0
 23719453917184.0
 23281188995072.0
 15607741284352.0
 5577287663616.0
 221252239360.0
 2855503134720.0
 9511093927936.0
 12355783098368.0
 8010620993536.0
 1616794746880.0
 1054197743616.0
 1099584503808.0
 7831877582848.0
 13984213237760.0
 12807368081408.0
 5761236729856.0
 376998494208.0
 2509548290048.0
 11498655055872.0
 21626844348416.0
 26975506792448.0
 25171968655360.0
 17925159256064.0
 9137980178432.0
 2529922121728.0
 171420270592.0
 2251476434944.0
 7660477349888.0
 14796986515456.0
 22194428051456.0
 28831121408000.0
 34171281997824.0
 38052693016576.0
 40525965033472.0
 41710805581824.0
 41696289095680.0
 40491588517888.0
 38024712814592.0
 34189097304064.0
 28938273292288.0
 22422883401728.0
 15144137523200.0
 8063070240768.0
 2568169193472.0
 192996032512.0
 2037138325504.0
 8011150000128.0
 16271571681280.0
 23388468805632.0
 25643515379712.0
 21202634539008.0
 11931838578688.0
 3103044141056.0
 176571006976.0
 4363329470464.0
 10902552182784.0
 12869240356864.0
 8048188325888.0
 1644320129024.0
 467207847936.0
