#Intensity [ph/s/.1%bw/mm^2] (C-aligned, inner loop is vs Photon Energy, outer loop vs Vertical Position)
#400.0 #Initial Photon Energy [eV]
#1100.0 #Final Photon Energy [eV]
#500 #Number of points vs Photon Energy
#-0.0015 #Initial Horizontal Position [m]
#0.0015 #Final Horizontal Position [m]
#1 #Number of points vs Horizontal Position
#-0.0015 #Initial Vertical Position [m]
#0.0015 #Final Vertical Position [m]
#1 #Number of points vs Vertical Position
#1 #Number of components
 19251270254592.0
 18707076087808.0
 17893987188736.0
 16903404781568.0
 15831889084416.0
 14784222199808.0
 13868952715264.0
 13180984098816.0
 12798657560576.0
 12775601471488.0
 13136998432768.0
 13871252242432.0
 14939111555072.0
 16270004060160.0
 17774002831360.0
 19343955984384.0
 20863248236544.0
 22226520768512.0
 23336260206592.0
 24118204301312.0
 24523225169920.0
 24542196006912.0
 24190239375360.0
 23524685119488.0
 22625917075456.0
 21597314351104.0
 20556583796736.0
 19624502493184.0
 18910640340992.0
 18515503349760.0
 18508989595648.0
 18930517147648.0
 19782615171072.0
 21033249669120.0
 22615754276864.0
 24433878106112.0
 26372005167104.0
 28301624082432.0
 30092948406272.0
 31629743489024.0
 32812210061312.0
 33574784860160.0
 33882273480704.0
 33739820236800.0
 33197897285632.0
 32323938549760.0
 31228931604480.0
 30074608812032.0
 28954884833280.0
 28007710326784.0
 27382819848192.0
 27197916053504.0
 27488002506752.0
 28273568382976.0
 29548188008448.0
 31315015499776.0
 33401864192000.0
 35686971342848.0
 38117801197568.0
 40428267110400.0
 42531911892992.0
 44299127357440.0
 45614800830464.0
 46385059594240.0
 46594657353728.0
 46274497740800.0
 45463038328832.0
 44274766839808.0
 42828163973120.0
 41291081580544.0
 39829433745408.0
 38570454679552.0
 37692914008064.0
 37289879142400.0
 37441159299072.0
 38201964101632.0
 39521534083072.0
 41363315884032.0
 43624964292608.0
 46171259142144.0
 48837410422784.0
 51466316283904.0
 53893270601728.0
 55979911675904.0
 57616524902400.0
 58719446499328.0
 59268866768896.0
 59279352528896.0
 58839621697536.0
 58045765779456.0
 57043863994368.0
 56005920555008.0
 55101498589184.0
 54518263840768.0
 54388806647808.0
 54817137360896.0
 55901503356928.0
 57648737157120.0
 60029944201216.0
 62968708464640.0
 66326580166656.0
 69950299439104.0
 73665240629248.0
 77271184441344.0
 80582344179712.0
 83459770941440.0
 85776469590016.0
 87455986352128.0
 88473449005056.0
 88892099264512.0
 88786495078400.0
 88324903534592.0
 87696068313088.0
 87105090879488.0
 86771249446912.0
 86869748482048.0
 87615051137024.0
 89166884896768.0
 91590882230272.0
 94926083719168.0
 99171122020352.0
 104187241168896.0
 109866798546944.0
 116001270136832.0
 122390512140288.0
 128812192890880.0
 135035684388864.0
 140903800897536.0
 146269171351552.0
 151013180833792.0
 155169501216768.0
 158797288964096.0
 162007693131776.0
 164975431647232.0
 167971859202048.0
 171215297708032.0
 175051492032512.0
 179669169078272.0
 185354783031296.0
 192345496616960.0
 200746351984640.0
 210671987851264.0
 222140271951872.0
 235074733735936.0
 249329277206528.0
 264756430635008.0
 281116464381952.0
 298244944953344.0
 315944840724480.0
 334057053356032.0
 352461357318144.0
 371155437355008.0
 390189692223488.0
 409714210897920.0
 429973437415424.0
 451319391322112.0
 474134660251648.0
 498898569265152.0
 526104469176320.0
 556245509472256.0
 589833898557440.0
 627328761724928.0
 669179459928064.0
 715771667808256.0
 767434822778880.0
 824471518707712.0
 887160861360128.0
 955773232349184.0
 1030619144388608.0
 1112060112928768.0
 1200511676055552.0
 1296527146352640.0
 1400784658890752.0
 1514097975754752.0
 1637419505942528.0
 1771812924948480.0
 1918456127553536.0
 2078526471667712.0
 2253236748681216.0
 2443637212315648.0
 2650659199385600.0
 2874897831297024.0
 3116566514237440.0
 3375460700389376.0
 3650750118887424.0
 3941062796115968.0
 4244241047879680.0
 4557489655775232.0
 4877303121182720.0
 5199538948145152.0
 5519378720227328.0
 5831539627655168.0
 6130336744341504.0
 6409849457868800.0
 6664126017306624.0
 6887301644812288.0
 7073832611348480.0
 7218751787237376.0
 7317698706931712.0
 7367241691561984.0
 7364908987449344.0
 7309351974862848.0
 7200429993623552.0
 7039177057107968.0
 6827854465597440.0
 6569879402446848.0
 6269703064387584.0
 5932700602990592.0
 5565008989650944.0
 5173334278930432.0
 4764754040061952.0
 4346446505574400.0
 3925563332886528.0
 3508946941771776.0
 3102982606422016.0
 2713408940015616.0
 2345197635633152.0
 2002432401866752.0
 1688259436478464.0
 1404845416251392.0
 1153390381891584.0
 934175385321472.0
 746625236467712.0
 589418427580416.0
 460595681820672.0
 357699472588800.0
 277908308361216.0
 218179120922624.0
 175377104240640.0
 146397802266624.0
 128278081830912.0
 118279767064576.0
 113959650721792.0
 113215480528896.0
 114313222160384.0
 115891731693568.0
 116948209762304.0
 116815787196416.0
 115120273358848.0
 111743590203392.0
 106763735007232.0
 100405321138176.0
 92993742700544.0
 84903861420032.0
 76522434068480.0
 68217502433280.0
 60311767875584.0
 53063083622400.0
 46660428234752.0
 41217031143424.0
 36780283789312.0
 33330292588544.0
 30799747350528.0
 29081485705216.0
 28039622688768.0
 27527334592512.0
 27397021761536.0
 27509374582784.0
 27739572666368.0
 27979721736192.0
 28148829782016.0
 28185966149632.0
 28054690725888.0
 27737263702016.0
 27235501211648.0
 26564548886528.0
 25749931163648.0
 24823226957824.0
 23820828147712.0
 22777539067904.0
 21734654738432.0
 20723345129472.0
 19773987487744.0
 18912200622080.0
 18158721171456.0
 17527187963904.0
 17026844196864.0
 16664231936000.0
 16435415875584.0
 16336789962752.0
 16355133751296.0
 16474991230976.0
 16678923534336.0
 16945585848320.0
 17255511359488.0
 17580980961280.0
 17904347119616.0
 18204241952768.0
 18465219936256.0
 18674184355840.0
 18823327514624.0
 18905410043904.0
 18922545872896.0
 18884188962816.0
 18796192464896.0
 18669297991680.0
 18520425365504.0
 18364833464320.0
 18215784677376.0
 18088959410176.0
 17995640340480.0
 17944910233600.0
 17945306595328.0
 17999908044800.0
 18108802662400.0
 18266906951680.0
 18470919995392.0
 18713155731456.0
 18985049391104.0
 19280668131328.0
 19588402118656.0
 19902710677504.0
 20214490071040.0
 20517515952128.0
 20807445118976.0
 21081205243904.0
 21333727510528.0
 21564691054592.0
 21770111287296.0
 21951200362496.0
 22104573476864.0
 22235785986048.0
 22345836134400.0
 22436995137536.0
 22511475490816.0
 22577021976576.0
 22641725407232.0
 22713091489792.0
 22802352570368.0
 22920952807424.0
 23076018323456.0
 23274723475456.0
 23525421219840.0
 23829281767424.0
 24185940213760.0
 24593548967936.0
 25042326913024.0
 25519802286080.0
 26010768637952.0
 26491865792512.0
 26942050926592.0
 27343047360512.0
 27672035983360.0
 27912122138624.0
 28052947992576.0
 28089392300032.0
 28020656046080.0
 27857531174912.0
 27616702627840.0
 27322451230720.0
 27002769768448.0
 26690992472064.0
 26422439575552.0
 26228482375680.0
 26137963003904.0
 26175265046528.0
 26353655087104.0
 26677316943872.0
 27139254517760.0
 27724947128320.0
 28402987827200.0
 29142993076224.0
 29900863963136.0
 30636463095808.0
 31302627622912.0
 31863223615488.0
 32288477806592.0
 32550506463232.0
 32644362403840.0
 32571024998400.0
 32348789800960.0
 32003548250112.0
 31576314347520.0
 31115284840448.0
 30670044790784.0
 30291255099392.0
 30025780822016.0
 29910246621184.0
 29976365629440.0
 30232897650688.0
 30683563032576.0
 31306916298752.0
 32076556402688.0
 32947191152640.0
 33867123654656.0
 34778336198656.0
 35627454169088.0
 36359414743040.0
 36931123544064.0
 37311647580160.0
 37483433689088.0
 37450500014080.0
 37232421371904.0
 36856968249344.0
 36380113633280.0
 35852793151488.0
 35340907708416.0
 34905589284864.0
 34605056917504.0
 34480335093760.0
 34572066619392.0
 34891565629440.0
 35437427032064.0
 36186882048000.0
 37098736320512.0
 38119495696384.0
 39182034534400.0
 40221697638400.0
 41166061961216.0
 41945896321024.0
 42516116144128.0
 42840881102848.0
 42898955436032.0
 42699914739712.0
 42260829831168.0
 41631189303296.0
 40870602604544.0
 40051912212480.0
 39249143398400.0
 38544332554240.0
 38001149214720.0
 37678405910528.0
 37615654928384.0
 37836107546624.0
 38327944216576.0
 39065093144576.0
 40005879726080.0
 41082385596416.0
 42220019253248.0
 43337780297728.0
 44358141214720.0
 45201351507968.0
 45808581869568.0
 46144205881344.0
 46182004948992.0
 45923006676992.0
 45397380694016.0
 44653533462528.0
 43754450845696.0
 42777626804224.0
 41806356021248.0
 40921701810176.0
 40198779961344.0
 39701419393024.0
 39471659614208.0
 39530740580352.0
 39879006224384.0
 40490296672256.0
 41319833534464.0
 42304584810496.0
 43370172907520.0
 44436092354560.0
 45422416494592.0
 46256407707648.0
 46878477516800.0
 47246267645952.0
 47338814963712.0
 47157323235328.0
 46725322506240.0
 46086525812736.0
 45301259829248.0
 44441020661760.0
 43583021252608.0
 42803790872576.0
 42173034659840.0
 41747988086784.0
 41569151352832.0
 41656741003264.0
 42009767182336.0
 42605924581376.0
 43403844780032.0
 44346275528704.0
 45364925169664.0
 46386271748096.0
 47337091104768.0
 48150358261760.0
 48770855206912.0
 49159092568064.0
 49294434369536.0
 49176641536000.0
 48825578291200.0
 48279609933824.0
 47592486469632.0
 46828724682752.0
 46058734354432.0
 45353176924160.0
 44777181544448.0
 44385827815424.0
 44219305558016.0
 44300431785984.0
 44632595496960.0
 45199610871808.0
 45967571156992.0
 46886899679232.0
 47896636424192.0
 48929076936704.0
 49915082309632.0
 50789041045504.0
 51494149685248.0
 51986460311552.0
