#Intensity [ph/s/.1%bw/mm^2] (C-aligned, inner loop is vs Photon Energy, outer loop vs Vertical Position)
#10.0 #Initial Photon Energy [eV]
#1200.0 #Final Photon Energy [eV]
#400 #Number of points vs Photon Energy
#-0.006 #Initial Horizontal Position [m]
#0.006 #Final Horizontal Position [m]
#1 #Number of points vs Horizontal Position
#-0.006 #Initial Vertical Position [m]
#0.006 #Final Vertical Position [m]
#1 #Number of points vs Vertical Position
#1 #Number of components
 249404741124096.0
 197918317346816.0
 139532414484480.0
 70075763654656.0
 64014985986048.0
 102301750525952.0
 139637641183232.0
 162381455949824.0
 161029061345280.0
 142049298874368.0
 120872870346752.0
 108118839132160.0
 106312931213312.0
 113281180106752.0
 124002316058624.0
 134526479106048.0
 142657170964480.0
 145925825626112.0
 142889787064320.0
 136551405191168.0
 129273666994176.0
 126679573856256.0
 130186624368640.0
 139119577530368.0
 148647006175232.0
 154552636538880.0
 156418380398592.0
 154917255774208.0
 152916522434560.0
 152902614122496.0
 157104602087424.0
 161394100011008.0
 167958823305216.0
 174038164963328.0
 181261008109568.0
 186742141353984.0
 191476285833216.0
 192529005805568.0
 194840939724800.0
 197537390657536.0
 203099020984320.0
 212070033260544.0
 221989293785088.0
 232361035825152.0
 237019011743744.0
 242144434454528.0
 246372745871360.0
 255247255601152.0
 263406485504000.0
 266501898633216.0
 272461820067840.0
 279337609723904.0
 292989515595776.0
 309361729601536.0
 324341166243840.0
 336198631424000.0
 345720641028096.0
 353547715608576.0
 361665237352448.0
 366424228888576.0
 378740282490880.0
 397306050379776.0
 418147882500096.0
 436912661725184.0
 453612132106240.0
 471223712612352.0
 491933071835136.0
 512902310133760.0
 529787571404800.0
 544013811712000.0
 560247949230080.0
 583454127292416.0
 612898275590144.0
 644845785841664.0
 678016959119360.0
 710504427290624.0
 738512915660800.0
 758083672342528.0
 768993963016192.0
 786121487286272.0
 818992147070976.0
 867965645881344.0
 920526247690240.0
 965471536939008.0
 1002778495287296.0
 1036686255456256.0
 1070846210736128.0
 1109948935176192.0
 1157689241501696.0
 1218072589369344.0
 1289007329705984.0
 1362568039890944.0
 1434372511105024.0
 1510379742035968.0
 1604911032696832.0
 1729226982031360.0
 1891932691234816.0
 2097395336740864.0
 2347002864074752.0
 2635773648044032.0
 2948242182504448.0
 3258478407712768.0
 3549129850486784.0
 3815333534105600.0
 4093254156943360.0
 4453618287640576.0
 4970238160404480.0
 5661081502482432.0
 6438331533492224.0
 7149213045489664.0
 7672418445295616.0
 8020023570333696.0
 8346255327494144.0
 8844826405502976.0
 9612887353982976.0
 1.0596879393882112e+16
 1.1644942682161152e+16
 1.2646110296276992e+16
 1.3604977851236352e+16
 1.4624419477454848e+16
 1.579890834931712e+16
 1.7120390329401344e+16
 1.847617621327872e+16
 1.973570758508544e+16
 2.085532180729037e+16
 2.1916148664631296e+16
 2.3067470482898944e+16
 2.442645826489549e+16
 2.6020526786871296e+16
 2.780542500077568e+16
 2.974596853451981e+16
 3.1886550170075136e+16
 3.434233301303296e+16
 3.721841706061005e+16
 4.05069060154327e+16
 4.403566403072819e+16
 4.752218104266752e+16
 5.069236941828915e+16
 5.341085178842317e+16
 5.573968184056218e+16
 5.78833859173417e+16
 6.004550681388646e+16
 6.227655334559744e+16
 6.441730248487731e+16
 6.615356878408909e+16
 6.719694518930637e+16
 6.746789749614182e+16
 6.720221081921126e+16
 6.690704348676096e+16
 6.715497476888986e+16
 6.832872920134451e+16
 7.04372532010025e+16
 7.310029183831245e+16
 7.570949306056704e+16
 7.772664163100262e+16
 7.891160592809984e+16
 7.93854868497367e+16
 7.951967880793293e+16
 7.97125571992617e+16
 8.021619365432525e+16
 8.107236102504448e+16
 8.217038659413606e+16
 8.337235037179085e+16
 8.462197110656205e+16
 8.598057234150195e+16
 8.757993226318643e+16
 8.950247129402573e+16
 9.168962325997158e+16
 9.39072007742423e+16
 9.582669037830144e+16
 9.716360202839654e+16
 9.780900676396646e+16
 9.788019155193037e+16
 9.769856597491712e+16
 9.768037249345126e+16
 9.818194736421274e+16
 9.936833759045222e+16
 1.0115364382624973e+17
 1.0325096225623245e+17
 1.0532696905849242e+17
 1.0713085532281242e+17
 1.0856321832609382e+17
 1.0965702623730074e+17
 1.105410765357056e+17
 1.1140366058756506e+17
 1.1242928159798067e+17
 1.1371509172718797e+17
 1.1522790805785805e+17
 1.1682959585181696e+17
 1.1838914142666752e+17
 1.1985226498572288e+17
 1.212108576307282e+17
 1.2242604131772006e+17
 1.2340105043351962e+17
 1.2406138447541043e+17
 1.2443560497591091e+17
 1.2465843646916198e+17
 1.2488656795205632e+17
 1.2525493011716506e+17
 1.2586757284220109e+17
 1.2682333191457997e+17
 1.2820179307829658e+17
 1.2999052669799629e+17
 1.3207124078441267e+17
 1.3427279807066931e+17
 1.3647422650790707e+17
 1.3864973911248077e+17
 1.4082932334605107e+17
 1.4300508505872794e+17
 1.4507064650052403e+17
 1.4681235881826714e+17
 1.479103070779474e+17
 1.4793803538681037e+17
 1.4635893053089382e+17
 1.4259854063435776e+17
 1.3620119543690035e+17
 1.270106612081623e+17
 1.1527107247918285e+17
 1.0158578625570406e+17
 8.677979703581082e+16
 7.175008296946893e+16
 5.737218602486989e+16
 4.444644329285222e+16
 3.361557085945856e+16
 2.5246144183402496e+16
 1.933787335439155e+16
 1.5550689304379392e+16
 1.3369122943401984e+16
 1.230624094420992e+16
 1.2017548274958336e+16
 1.2273510072188928e+16
 1.28624606838784e+16
 1.3540018618368e+16
 1.4078857699131392e+16
 1.4369071860547584e+16
 1.4470744473862144e+16
 1.4560203273928704e+16
 1.4802353530077184e+16
 1.5241301335212032e+16
 1.5789954416246784e+16
 1.632016168648704e+16
 1.6778079288426496e+16
 1.7227332867588096e+16
 1.7788499335839744e+16
 1.852694057923379e+16
 1.9381132264996864e+16
 2.0190538179280896e+16
 2.0803805822058496e+16
 2.1192167502381056e+16
 2.1485172318797824e+16
 2.189482844697395e+16
 2.2570282921230336e+16
 2.348280670532403e+16
 2.4423722370727936e+16
 2.5130265965756416e+16
 2.545398409330688e+16
 2.54687265685504e+16
 2.544181645095731e+16
 2.569380647718093e+16
 2.642640763879424e+16
 2.7616098547400704e+16
 2.902846203546829e+16
 3.0341768545304576e+16
 3.131089355590861e+16
 3.188277489382195e+16
 3.2206675557482496e+16
 3.254098292690125e+16
 3.3117541484199936e+16
 3.4041723957018624e+16
 3.527317268516045e+16
 3.667691617386496e+16
 3.809113723528806e+16
 3.938128098649702e+16
 4.046451039325389e+16
 4.131829405712384e+16
 4.197113338108314e+16
 4.247663814692045e+16
 4.28797766622249e+16
 4.320847480435507e+16
 4.34942791081001e+16
 4.380047162159923e+16
 4.422241779869286e+16
 4.485015733377434e+16
 4.571610434502656e+16
 4.676497401341542e+16
 4.787058019978445e+16
 4.88831659844567e+16
 4.968132982184346e+16
 5.019343165744742e+16
 5.039642469675827e+16
 5.031527128970035e+16
 5.004338697496166e+16
 4.97547222229975e+16
 4.96686167186473e+16
 4.995704524741018e+16
 5.06505450267607e+16
 5.16037142338601e+16
 5.255243385484083e+16
 5.32222683643904e+16
 5.34376609742848e+16
 5.318831235294822e+16
 5.263262948419174e+16
 5.204457544692531e+16
 5.173171714418278e+16
 5.19509623397417e+16
 5.28505432398889e+16
 5.444154086024806e+16
 5.660288436771226e+16
 5.912105805309542e+16
 6.174632245303706e+16
 6.42305873716183e+16
 6.632661301644493e+16
 6.778133991443661e+16
 6.83741656603689e+16
 6.8015102099456e+16
 6.684595616690995e+16
 6.52597732048896e+16
 6.37937934925824e+16
 6.293735553892352e+16
 6.295204432707584e+16
 6.379113920279347e+16
 6.515244197216256e+16
 6.662229145000346e+16
 6.783358389662515e+16
 6.85709739467735e+16
 6.880471036198912e+16
 6.867458144285491e+16
 6.843782137066291e+16
 6.839634487148544e+16
 6.880126150325043e+16
 6.976264698278707e+16
 7.119751395200205e+16
 7.28499381946286e+16
 7.438127442427904e+16
 7.550125586618778e+16
 7.60661299649577e+16
 7.610898514863718e+16
 7.578751543646618e+16
 7.530686564637082e+16
 7.486604738297856e+16
 7.463070035502694e+16
 7.471014007013376e+16
 7.513397603283763e+16
 7.583879734598042e+16
 7.669487881735373e+16
 7.756241926147277e+16
 7.834517705116877e+16
 7.901478822241894e+16
 7.960198756119347e+16
 8.017278012489728e+16
 8.079159042297037e+16
 8.149524350500864e+16
 8.228393693950771e+16
 8.312859379787366e+16
 8.398734673890509e+16
 8.482777734945178e+16
 8.564526424470323e+16
 8.648433764558438e+16
 8.744476964238131e+16
 8.865490244783309e+16
 9.02207272648704e+16
 9.216905327935488e+16
 9.441843073148518e+16
 9.67714113847296e+16
 9.892674623294669e+16
 1.0051956062447206e+17
 1.0120944404135936e+17
 1.0081242585445171e+17
 9.940553200723558e+16
 9.732961110432154e+16
 9.50631912219607e+16
 9.305091314443878e+16
 9.15878239451218e+16
 9.080936971265638e+16
 9.074544341942272e+16
 9.136095518261248e+16
 9.255609855220122e+16
 9.415081131927142e+16
 9.587766305017037e+16
 9.742386845659955e+16
 9.849531676806349e+16
 9.890014320551526e+16
 9.861054215068058e+16
 9.77745009967104e+16
 9.666126265345638e+16
 9.556188846463386e+16
 9.469602305776026e+16
 9.415841341138534e+16
 9.394031497209446e+16
 9.39899819739054e+16
 9.426934382670643e+16
 9.47433278275584e+16
 9.531791714235187e+16
 9.579477018135757e+16
 9.592687478544794e+16
 9.555213888887194e+16
 9.469872029722214e+16
 9.355928265346253e+16
 9.234894368958054e+16
 9.116801666174157e+16
