#Intensity [ph/s/.1%bw/mm^2] (C-aligned, inner loop is vs Photon Energy, outer loop vs Vertical Position)
#10.0 #Initial Photon Energy [eV]
#1200.0 #Final Photon Energy [eV]
#400 #Number of points vs Photon Energy
#-0.006 #Initial Horizontal Position [m]
#0.006 #Final Horizontal Position [m]
#1 #Number of points vs Horizontal Position
#-0.006 #Initial Vertical Position [m]
#0.006 #Final Vertical Position [m]
#1 #Number of points vs Vertical Position
#1 #Number of components
 1654552264704.0
 1428797784064.0
 985989054464.0
 525313409024.0
 486201753600.0
 724902150144.0
 926461984768.0
 1140207255552.0
 1149558063104.0
 1006761148416.0
 837061771264.0
 731993341952.0
 720505602048.0
 770474573824.0
 867722067968.0
 949915680768.0
 1002365583360.0
 1029397676032.0
 1007692742656.0
 949740568576.0
 887907024896.0
 864126304256.0
 882205655040.0
 952961400832.0
 1054777344000.0
 1124175970304.0
 1107919765504.0
 1049610682368.0
 1020613951488.0
 1025142030336.0
 1088599162880.0
 1162467999744.0
 1217285718016.0
 1228076875776.0
 1224074461184.0
 1310944526336.0
 1307645837312.0
 1326588231680.0
 1384013627392.0
 1360896196608.0
 1391775449088.0
 1485958283264.0
 1512568127488.0
 1617531502592.0
 1686924034048.0
 1683103416320.0
 1638336561152.0
 1652584349696.0
 1755519909888.0
 1908497580032.0
 2013321232384.0
 2036354646016.0
 1988497899520.0
 1978519912448.0
 2061626376192.0
 2257503387648.0
 2502704496640.0
 2661163991040.0
 2624485064704.0
 2454192390144.0
 2365501734912.0
 2522905051136.0
 2868876410880.0
 3191432806400.0
 3341168934912.0
 3358312628224.0
 3351038132224.0
 3372262096896.0
 3438278868992.0
 3606891986944.0
 3921845420032.0
 4221258432512.0
 4412151955456.0
 4462350958592.0
 4563134316544.0
 4825127845888.0
 5060827807744.0
 5138934661120.0
 5136045834240.0
 5355266375680.0
 5873978572800.0
 6379761827840.0
 6524756819968.0
 6415486812160.0
 6455025467392.0
 6898989924352.0
 7540925530112.0
 7961381437440.0
 8168881520640.0
 8345231556608.0
 8640658407424.0
 9049832685568.0
 9631651856384.0
 10417453662208.0
 11337698639872.0
 11829987246080.0
 11987508527104.0
 12882723995648.0
 16275574095872.0
 22858803707904.0
 30893779451904.0
 36933505908736.0
 38392377114624.0
 35762368151552.0
 32257572077568.0
 31173145264128.0
 33294248837120.0
 36620476612608.0
 38550594650112.0
 38395350876160.0
 38039514513408.0
 40429001113600.0
 47300403527680.0
 58130234867712.0
 70814749687808.0
 82961588289536.0
 92912238985216.0
 99795813269504.0
 103440554393600.0
 104675105832960.0
 105279605702656.0
 107585885700096.0
 112952162123776.0
 120810987585536.0
 128883865157632.0
 134966629367808.0
 138990527184896.0
 143734637330432.0
 153304562663424.0
 170264331550720.0
 193064618426368.0
 215782294290432.0
 231065096552448.0
 234839701716992.0
 230020698079232.0
 226510350843904.0
 236821040594944.0
 269530790100992.0
 324168092483584.0
 390405279449088.0
 452526075805696.0
 496239648964608.0
 514689184301056.0
 510971990769664.0
 494881633992704.0
 477307466678272.0
 464684692013056.0
 457244231598080.0
 451009818132480.0
 441729266221056.0
 428648171569152.0
 416026034438144.0
 411065884082176.0
 420569841401856.0
 446483627245568.0
 484355172466688.0
 525765535858688.0
 562925156696064.0
 592824269537280.0
 617905603477504.0
 642883992420352.0
 670512107749376.0
 698646492348416.0
 720543846236160.0
 727990916874240.0
 714942336466944.0
 681482326638592.0
 634357811249152.0
 584734094655488.0
 544701073588224.0
 523052089606144.0
 523072658472960.0
 542846687903744.0
 576560570564608.0
 616751733669888.0
 656787808190464.0
 692506903707648.0
 722864135208960.0
 749596212985856.0
 775676596584448.0
 804191421333504.0
 837425609834496.0
 875844696276992.0
 917785857228800.0
 959281482432512.0
 995084061376512.0
 1019325058121728.0
 1025968902766592.0
 1010464540590080.0
 970552818794496.0
 909029962416128.0
 834293773369344.0
 758988836700160.0
 697213718102016.0
 661365974892544.0
 659902397677568.0
 695818994581504.0
 764629470937088.0
 854400461438976.0
 947625478062080.0
 1026654688247808.0
 1078719154225152.0
 1098465400586240.0
 1086609277583360.0
 1047368040448000.0
 987242055073792.0
 916163299115008.0
 847860769751040.0
 797218005057536.0
 774616142315520.0
 780971955716096.0
 807862276194304.0
 842580979875840.0
 874139996913664.0
 895695699574784.0
 902610328485888.0
 889716903772160.0
 851467669864448.0
 785128880078848.0
 693848208572416.0
 586583145185280.0
 475030127378432.0
 369902783299584.0
 278711014260736.0
 205265278337024.0
 150129424203776.0
 111671724998656.0
 87539226509312.0
 75859792756736.0
 75330085715968.0
 84000743882752.0
 98142762565632.0
 112478566481920.0
 121968917479424.0
 123961446760448.0
 119325297999872.0
 112050680365056.0
 107387386068992.0
 109151166398464.0
 117332869382144.0
 127651880632320.0
 134049964228608.0
 132876582518784.0
 125713055219712.0
 118271068078080.0
 116154353844224.0
 120928461651968.0
 129528722620416.0
 137062883786752.0
 140381802987520.0
 139786236985344.0
 138143579766784.0
 138646023831552.0
 142727584940032.0
 149249576665088.0
 155433289383936.0
 158977107165184.0
 159916161499136.0
 160609580613632.0
 163614044454912.0
 169246944395264.0
 175129657081856.0
 178316204048384.0
 178059227430912.0
 176734934663168.0
 178122511089664.0
 184758369779712.0
 196457978134528.0
 210787582869504.0
 224533055275008.0
 234945951825920.0
 240335112372224.0
 240326774095872.0
 235961761923072.0
 229376671088640.0
 222962355535872.0
 218413850951680.0
 216281148030976.0
 216518998622208.0
 219213637615616.0
 224757685420032.0
 233197497483264.0
 243649921155072.0
 254707968770048.0
 265842503712768.0
 278333107470336.0
 294478325743616.0
 315451993227264.0
 339692318883840.0
 363494222331904.0
 383239965376512.0
 397229915373568.0
 405597082091520.0
 409216833552384.0
 409219618570240.0
 407633366351872.0
 407719836123136.0
 412604220571648.0
 422887815118848.0
 435577765756928.0
 445772642385920.0
 449883899166720.0
 447551262162944.0
 440718036303872.0
 430982486294528.0
 417854952308736.0
 399560203567104.0
 375568952459264.0
 348606456397824.0
 324435554861056.0
 309584128376832.0
 308557966737408.0
 322062115667968.0
 346714389086208.0
 375845642305536.0
 401100251332608.0
 414867299237888.0
 413297824235520.0
 398518170681344.0
 378253676118016.0
 362418802786304.0
 358637453180928.0
 369538919038976.0
 393298980110336.0
 426045589159936.0
 463629338017792.0
 501715094732800.0
 535186882166784.0
 558520936169472.0
 567405981990912.0
 560487091666944.0
 540081400053760.0
 511585365786624.0
 482045084041216.0
 458320691331072.0
 445148395732992.0
 443605932048384.0
 450744771674112.0
 460911932342272.0
 468363969036288.0
 469875696861184.0
 465988919230464.0
 460306778161152.0
 457522699829248.0
 461674691690496.0
 475586191425536.0
 500969011937280.0
 537728261292032.0
 582191406907392.0
 626188716343296.0
 659214666039296.0
 673465971507200.0
 668155714207744.0
 649362145280000.0
 625549907066880.0
 602956902694912.0
 584758522281984.0
 573674956521472.0
 574084521918464.0
 590540622004224.0
 623895942004736.0
 668859350646784.0
 715339822268416.0
 752483638968320.0
 772592004759552.0
 773069551435776.0
 756379644067840.0
 728613754241024.0
 697132315049984.0
 667860837859328.0
 643588836818944.0
 624569043910656.0
 611093248475136.0
 605894794543104.0
 613898264772608.0
 638833771151360.0
 679143851163648.0
 726753832075264.0
 770499953033216.0
 802215736377344.0
 820945417666560.0
 831832153128960.0
 840485505597440.0
 847363358851072.0
 846652206219264.0
 830363811184640.0
 794096167813120.0
 740107556487168.0
 676047850831872.0
 611003591032832.0
 552028254240768.0
 502964326236160.0
 465318870777856.0
 439851023335424.0
 427514803519488.0
 429308287909888.0
 445204096090112.0
 472940558680064.0
 507579167932416.0
 542502822084608.0
